0         0.1            0.5           1.0           2.0           3.0           4.0           5.0           6.0           7.0           8.0           9.0          10.0          15.0          20.0          25.0          30.0          35.0          40.0          45.0          50.0          60.0          70.0          80.0          90.0         100.0         110.0         120.0         130.0         140.0         150.0         160.0         170.0         180.0
0.3000E+05     0.1625E-14     0.1440E-14     0.1011E-14     0.3570E-15     0.1350E-15     0.5984E-16     0.3058E-16     0.1715E-16     0.1044E-16     0.6634E-17     0.4433E-17     0.3091E-17     0.7156E-18     0.2475E-18     0.1071E-18     0.5389E-19     0.3032E-19     0.1837E-19     0.1185E-19     0.8035E-20     0.4141E-20     0.2399E-20     0.1517E-20     0.1028E-20     0.7474E-21     0.5677E-21     0.4459E-21     0.3713E-21     0.3218E-21     0.2860E-21     0.2572E-21     0.2541E-21     0.3615E-21           0.5959E-17
0.2900E+05     0.1625E-14     0.1445E-14     0.1025E-14     0.3688E-15     0.1407E-15     0.6256E-16     0.3221E-16     0.1803E-16     0.1093E-16     0.7032E-17     0.4694E-17     0.3249E-17     0.7599E-18     0.2629E-18     0.1140E-18     0.5757E-19     0.3237E-19     0.1959E-19     0.1266E-19     0.8582E-20     0.4420E-20     0.2559E-20     0.1628E-20     0.1102E-20     0.7896E-21     0.6017E-21     0.4849E-21     0.3904E-21     0.3412E-21     0.3030E-21     0.2812E-21     0.2657E-21     0.2389E-21           0.6147E-17
0.2800E+05     0.1624E-14     0.1448E-14     0.1037E-14     0.3816E-15     0.1469E-15     0.6567E-16     0.3378E-16     0.1910E-16     0.1158E-16     0.7405E-17     0.4958E-17     0.3464E-17     0.8082E-18     0.2805E-18     0.1215E-18     0.6145E-19     0.3455E-19     0.2095E-19     0.1354E-19     0.9187E-20     0.4738E-20     0.2747E-20     0.1742E-20     0.1191E-20     0.8464E-21     0.6423E-21     0.5051E-21     0.4236E-21     0.3570E-21     0.3254E-21     0.2981E-21     0.2780E-21     0.3491E-21           0.6351E-17
0.2700E+05     0.1613E-14     0.1445E-14     0.1046E-14     0.3941E-15     0.1533E-15     0.6897E-16     0.3558E-16     0.2007E-16     0.1227E-16     0.7823E-17     0.5286E-17     0.3664E-17     0.8635E-18     0.2993E-18     0.1301E-18     0.6596E-19     0.3698E-19     0.2247E-19     0.1452E-19     0.9855E-20     0.5088E-20     0.2951E-20     0.1870E-20     0.1276E-20     0.9259E-21     0.6988E-21     0.5559E-21     0.4608E-21     0.3944E-21     0.3413E-21     0.3129E-21     0.3118E-21     0.3639E-21           0.6553E-17
0.2600E+05     0.1608E-14     0.1445E-14     0.1057E-14     0.4075E-15     0.1605E-15     0.7255E-16     0.3765E-16     0.2117E-16     0.1300E-16     0.8363E-17     0.5610E-17     0.3891E-17     0.9227E-18     0.3200E-18     0.1397E-18     0.7068E-19     0.3973E-19     0.2416E-19     0.1561E-19     0.1059E-19     0.5476E-20     0.3173E-20     0.2007E-20     0.1371E-20     0.9849E-21     0.7483E-21     0.5998E-21     0.4921E-21     0.4216E-21     0.3761E-21     0.3495E-21     0.3276E-21     0.3932E-21           0.6778E-17
0.2500E+05     0.1609E-14     0.1451E-14     0.1071E-14     0.4225E-15     0.1681E-15     0.7644E-16     0.3974E-16     0.2259E-16     0.1378E-16     0.8846E-17     0.5990E-17     0.4168E-17     0.9875E-18     0.3443E-18     0.1503E-18     0.7607E-19     0.4277E-19     0.2605E-19     0.1685E-19     0.1143E-19     0.5905E-20     0.3428E-20     0.2182E-20     0.1490E-20     0.1072E-20     0.8203E-21     0.6454E-21     0.5332E-21     0.4611E-21     0.4090E-21     0.3662E-21     0.3515E-21     0.4211E-21           0.7033E-17
0.2400E+05     0.1606E-14     0.1453E-14     0.1083E-14     0.4378E-15     0.1763E-15     0.8069E-16     0.4202E-16     0.2386E-16     0.1470E-16     0.9436E-17     0.6403E-17     0.4445E-17     0.1064E-17     0.3695E-18     0.1622E-18     0.8202E-19     0.4626E-19     0.2815E-19     0.1821E-19     0.1238E-19     0.6406E-20     0.3726E-20     0.2364E-20     0.1619E-20     0.1162E-20     0.8943E-21     0.6941E-21     0.5699E-21     0.5151E-21     0.4359E-21     0.4041E-21     0.3892E-21     0.4746E-21           0.7297E-17
0.2300E+05     0.1602E-14     0.1453E-14     0.1093E-14     0.4539E-15     0.1852E-15     0.8540E-16     0.4475E-16     0.2544E-16     0.1564E-16     0.1014E-16     0.6849E-17     0.4761E-17     0.1146E-17     0.4001E-18     0.1755E-18     0.8886E-19     0.5012E-19     0.3052E-19     0.1977E-19     0.1343E-19     0.6946E-20     0.4044E-20     0.2577E-20     0.1742E-20     0.1264E-20     0.9614E-21     0.7690E-21     0.6300E-21     0.5415E-21     0.4803E-21     0.4623E-21     0.4539E-21     0.6185E-21           0.7585E-17
0.2200E+05     0.1622E-14     0.1473E-14     0.1112E-14     0.4739E-15     0.1953E-15     0.9095E-16     0.4752E-16     0.2750E-16     0.1670E-16     0.1079E-16     0.7295E-17     0.5145E-17     0.1236E-17     0.4332E-18     0.1907E-18     0.9648E-19     0.5447E-19     0.3327E-19     0.2153E-19     0.1465E-19     0.7613E-20     0.4417E-20     0.2802E-20     0.1900E-20     0.1386E-20     0.1052E-20     0.8512E-21     0.6748E-21     0.5914E-21     0.5574E-21     0.4900E-21     0.4794E-21     0.7914E-21           0.7940E-17
0.2100E+05     0.1627E-14     0.1479E-14     0.1125E-14     0.4896E-15     0.2056E-15     0.9664E-16     0.5061E-16     0.2884E-16     0.1801E-16     0.1168E-16     0.7868E-17     0.5538E-17     0.1336E-17     0.4736E-18     0.2074E-18     0.1052E-18     0.5965E-19     0.3633E-19     0.2355E-19     0.1605E-19     0.8328E-20     0.4875E-20     0.3124E-20     0.2116E-20     0.1530E-20     0.1170E-20     0.9312E-21     0.7881E-21     0.6701E-21     0.6087E-21     0.5601E-21     0.5622E-21     0.2842E-21           0.8265E-17
0.2000E+05     0.1622E-14     0.1481E-14     0.1136E-14     0.5061E-15     0.2167E-15     0.1018E-15     0.5467E-16     0.3127E-16     0.1919E-16     0.1251E-16     0.8530E-17     0.5999E-17     0.1457E-17     0.5143E-18     0.2262E-18     0.1154E-18     0.6530E-19     0.3986E-19     0.2589E-19     0.1761E-19     0.9151E-20     0.5347E-20     0.3404E-20     0.2329E-20     0.1706E-20     0.1277E-20     0.1045E-20     0.8586E-21     0.7091E-21     0.6479E-21     0.6177E-21     0.5492E-21     0.6458E-21           0.8619E-17
0.1900E+05     0.1634E-14     0.1497E-14     0.1159E-14     0.5279E-15     0.2311E-15     0.1087E-15     0.5787E-16     0.3366E-16     0.2091E-16     0.1356E-16     0.9274E-17     0.6482E-17     0.1594E-17     0.5643E-18     0.2495E-18     0.1270E-18     0.7192E-19     0.4399E-19     0.2856E-19     0.1946E-19     0.1010E-19     0.5887E-20     0.3750E-20     0.2565E-20     0.1879E-20     0.1430E-20     0.1141E-20     0.9147E-21     0.8020E-21     0.7191E-21     0.6596E-21     0.6862E-21     0.5073E-21           0.9063E-17
0.1800E+05     0.1640E-14     0.1508E-14     0.1179E-14     0.5482E-15     0.2449E-15     0.1177E-15     0.6256E-16     0.3613E-16     0.2258E-16     0.1469E-16     0.1005E-16     0.7076E-17     0.1752E-17     0.6220E-18     0.2753E-18     0.1406E-18     0.7967E-19     0.4876E-19     0.3170E-19     0.2159E-19     0.1126E-19     0.6603E-20     0.4195E-20     0.2871E-20     0.2056E-20     0.1573E-20     0.1290E-20     0.1066E-20     0.9272E-21     0.8117E-21     0.7757E-21     0.7211E-21     0.5209E-21           0.9535E-17
0.1700E+05     0.1645E-14     0.1520E-14     0.1201E-14     0.5717E-15     0.2583E-15     0.1260E-15     0.6789E-16     0.3929E-16     0.2452E-16     0.1605E-16     0.1104E-16     0.7763E-17     0.1927E-17     0.6889E-18     0.3051E-18     0.1564E-18     0.8868E-19     0.5438E-19     0.3533E-19     0.2414E-19     0.1258E-19     0.7320E-20     0.4715E-20     0.3227E-20     0.2323E-20     0.1803E-20     0.1424E-20     0.1219E-20     0.1037E-20     0.9363E-21     0.8458E-21     0.7878E-21     0.9053E-21           0.1005E-16
0.1600E+05     0.1642E-14     0.1523E-14     0.1218E-14     0.5984E-15     0.2748E-15     0.1351E-15     0.7341E-16     0.4287E-16     0.2689E-16     0.1760E-16     0.1202E-16     0.8516E-17     0.2131E-17     0.7671E-18     0.3407E-18     0.1749E-18     0.9942E-19     0.6097E-19     0.3976E-19     0.2711E-19     0.1420E-19     0.8270E-20     0.5304E-20     0.3661E-20     0.2624E-20     0.2010E-20     0.1605E-20     0.1347E-20     0.1163E-20     0.1029E-20     0.9872E-21     0.9290E-21     0.8178E-21           0.1063E-16
0.1500E+05     0.1634E-14     0.1523E-14     0.1236E-14     0.6272E-15     0.2944E-15     0.1461E-15     0.7973E-16     0.4691E-16     0.2936E-16     0.1940E-16     0.1328E-16     0.9460E-17     0.2377E-17     0.8561E-18     0.3831E-18     0.1971E-18     0.1122E-18     0.6895E-19     0.4491E-19     0.3069E-19     0.1613E-19     0.9409E-20     0.6042E-20     0.4159E-20     0.3003E-20     0.2322E-20     0.1830E-20     0.1523E-20     0.1344E-20     0.1216E-20     0.1080E-20     0.1039E-20     0.9614E-21           0.1129E-16
0.1400E+05     0.1625E-14     0.1521E-14     0.1249E-14     0.6554E-15     0.3155E-15     0.1590E-15     0.8715E-16     0.5161E-16     0.3237E-16     0.2149E-16     0.1477E-16     0.1053E-16     0.2672E-17     0.9685E-18     0.4335E-18     0.2238E-18     0.1276E-18     0.7848E-19     0.5130E-19     0.3513E-19     0.1834E-19     0.1078E-19     0.6968E-20     0.4757E-20     0.3470E-20     0.2641E-20     0.2131E-20     0.1797E-20     0.1517E-20     0.1370E-20     0.1277E-20     0.1235E-20     0.1306E-20           0.1202E-16
0.1300E+05     0.1613E-14     0.1517E-14     0.1262E-14     0.6854E-15     0.3384E-15     0.1736E-15     0.9576E-16     0.5710E-16     0.3598E-16     0.2396E-16     0.1648E-16     0.1174E-16     0.3023E-17     0.1103E-17     0.4958E-18     0.2563E-18     0.1466E-18     0.9038E-19     0.5919E-19     0.4050E-19     0.2125E-19     0.1253E-19     0.8066E-20     0.5552E-20     0.4046E-20     0.3100E-20     0.2444E-20     0.2088E-20     0.1795E-20     0.1642E-20     0.1493E-20     0.1387E-20     0.1283E-20           0.1285E-16
0.1200E+05     0.1605E-14     0.1515E-14     0.1277E-14     0.7182E-15     0.3639E-15     0.1901E-15     0.1060E-15     0.6360E-16     0.4020E-16     0.2684E-16     0.1855E-16     0.1323E-16     0.3440E-17     0.1264E-17     0.5716E-18     0.2966E-18     0.1698E-18     0.1050E-18     0.6868E-19     0.4717E-19     0.2477E-19     0.1460E-19     0.9429E-20     0.6470E-20     0.4779E-20     0.3664E-20     0.2953E-20     0.2456E-20     0.2113E-20     0.1894E-20     0.1727E-20     0.1673E-20     0.1440E-20           0.1381E-16
0.1100E+05     0.1593E-14     0.1511E-14     0.1290E-14     0.7535E-15     0.3931E-15     0.2094E-15     0.1179E-15     0.7131E-16     0.4539E-16     0.3033E-16     0.2109E-16     0.1506E-16     0.3964E-17     0.1466E-17     0.6666E-18     0.3471E-18     0.1995E-18     0.1235E-18     0.8109E-19     0.5576E-19     0.2938E-19     0.1734E-19     0.1121E-19     0.7739E-20     0.5692E-20     0.4347E-20     0.3504E-20     0.2970E-20     0.2508E-20     0.2277E-20     0.2104E-20     0.1991E-20     0.2085E-20           0.1494E-16
0.1000E+05     0.1579E-14     0.1505E-14     0.1303E-14     0.7906E-15     0.4260E-15     0.2320E-15     0.1325E-15     0.8063E-16     0.5167E-16     0.3461E-16     0.2420E-16     0.1736E-16     0.4618E-17     0.1724E-17     0.7873E-18     0.4120E-18     0.2377E-18     0.1477E-18     0.9724E-19     0.6704E-19     0.3545E-19     0.2100E-19     0.1356E-19     0.9414E-20     0.6882E-20     0.5291E-20     0.4275E-20     0.3555E-20     0.3075E-20     0.2780E-20     0.2547E-20     0.2495E-20     0.2651E-20           0.1627E-16
0.9000E+04     0.1563E-14     0.1497E-14     0.1314E-14     0.8306E-15     0.4639E-15     0.2587E-15     0.1499E-15     0.9198E-16     0.5947E-16     0.3999E-16     0.2805E-16     0.2024E-16     0.5456E-17     0.2055E-17     0.9444E-18     0.4972E-18     0.2879E-18     0.1792E-18     0.1183E-18     0.8184E-19     0.4348E-19     0.2583E-19     0.1678E-19     0.1158E-19     0.8552E-20     0.6619E-20     0.5303E-20     0.4405E-20     0.3828E-20     0.3491E-20     0.3209E-20     0.3064E-20     0.3315E-20           0.1787E-16
0.8000E+04     0.1548E-14     0.1490E-14     0.1325E-14     0.8731E-15     0.5072E-15     0.2906E-15     0.1716E-15     0.1064E-15     0.6939E-16     0.4697E-16     0.3300E-16     0.2395E-16     0.6543E-17     0.2489E-17     0.1155E-17     0.6112E-18     0.3559E-18     0.2229E-18     0.1472E-18     0.1021E-18     0.5456E-19     0.3266E-19     0.2110E-19     0.1482E-19     0.1079E-19     0.8389E-20     0.6758E-20     0.5661E-20     0.4933E-20     0.4420E-20     0.4114E-20     0.3917E-20     0.4126E-20           0.1984E-16
0.7000E+04     0.1528E-14     0.1477E-14     0.1332E-14     0.9169E-15     0.5561E-15     0.3291E-15     0.1989E-15     0.1248E-15     0.8210E-16     0.5608E-16     0.3953E-16     0.2879E-16     0.8000E-17     0.3087E-17     0.1444E-17     0.7701E-18     0.4511E-18     0.2842E-18     0.1885E-18     0.1313E-18     0.7034E-19     0.4233E-19     0.2771E-19     0.1928E-19     0.1425E-19     0.1097E-19     0.8941E-20     0.7557E-20     0.6521E-20     0.5896E-20     0.5456E-20     0.5253E-20     0.5638E-20           0.2230E-16
0.6000E+04     0.1509E-14     0.1465E-14     0.1338E-14     0.9618E-15     0.6126E-15     0.3767E-15     0.2335E-15     0.1489E-15     0.9903E-16     0.6830E-16     0.4843E-16     0.3542E-16     0.1005E-16     0.3926E-17     0.1858E-17     0.9995E-18     0.5907E-18     0.3732E-18     0.2501E-18     0.1743E-18     0.9471E-19     0.5717E-19     0.3762E-19     0.2644E-19     0.1946E-19     0.1520E-19     0.1228E-19     0.1030E-19     0.9050E-20     0.8185E-20     0.7533E-20     0.7352E-20     0.7374E-20           0.2549E-16
0.5000E+04     0.1488E-14     0.1451E-14     0.1343E-14     0.1010E-14     0.6767E-15     0.4347E-15     0.2792E-15     0.1822E-15     0.1226E-15     0.8536E-16     0.6120E-16     0.4497E-16     0.1302E-16     0.5176E-17     0.2481E-17     0.1351E-17     0.8049E-18     0.5130E-18     0.3464E-18     0.2429E-18     0.1334E-18     0.8133E-19     0.5383E-19     0.3820E-19     0.2817E-19     0.2210E-19     0.1797E-19     0.1531E-19     0.1338E-19     0.1204E-19     0.1128E-19     0.1087E-19     0.1021E-19           0.2981E-16
0.4000E+04     0.1460E-14     0.1430E-14     0.1342E-14     0.1059E-14     0.7519E-15     0.5072E-15     0.3385E-15     0.2280E-15     0.1566E-15     0.1105E-15     0.8014E-16     0.5942E-16     0.1766E-16     0.7153E-17     0.3485E-17     0.1924E-17     0.1160E-17     0.7474E-18     0.5094E-18     0.3621E-18     0.2013E-18     0.1241E-18     0.8327E-19     0.5927E-19     0.4460E-19     0.3510E-19     0.2860E-19     0.2450E-19     0.2138E-19     0.1943E-19     0.1812E-19     0.1742E-19     0.1776E-19           0.3595E-16
0.3000E+04     0.1404E-14     0.1382E-14     0.1317E-14     0.1096E-14     0.8321E-15     0.5983E-15     0.4208E-15     0.2954E-15     0.2094E-15     0.1508E-15     0.1108E-15     0.8321E-16     0.2557E-16     0.1059E-16     0.5262E-17     0.2956E-17     0.1812E-17     0.1185E-17     0.8164E-18     0.5881E-18     0.3363E-18     0.2120E-18     0.1440E-18     0.1048E-18     0.7990E-19     0.6348E-19     0.5279E-19     0.4526E-19     0.3990E-19     0.3634E-19     0.3428E-19     0.3270E-19     0.3190E-19           0.4538E-16
0.2000E+04     0.1316E-14     0.1302E-14     0.1260E-14     0.1108E-14     0.9083E-15     0.7074E-15     0.5344E-15     0.3983E-15     0.2962E-15     0.2213E-15     0.1670E-15     0.1277E-15     0.4128E-16     0.1758E-16     0.8941E-17     0.5131E-17     0.3212E-17     0.2149E-17     0.1512E-17     0.1109E-17     0.6576E-18     0.4305E-18     0.3038E-18     0.2270E-18     0.1783E-18     0.1459E-18     0.1236E-18     0.1082E-18     0.9726E-19     0.8975E-19     0.8485E-19     0.8203E-19     0.8088E-19           0.6196E-16
0.1000E+04     0.1151E-14     0.1145E-14     0.1125E-14     0.1049E-14     0.9378E-15     0.8090E-15     0.6782E-15     0.5570E-15     0.4512E-15     0.3628E-15     0.2909E-15     0.2334E-15     0.8463E-16     0.3737E-16     0.1950E-16     0.1145E-16     0.7329E-17     0.5025E-17     0.3622E-17     0.2720E-17     0.1722E-17     0.1204E-17     0.9193E-18     0.7459E-18     0.6358E-18     0.5619E-18     0.5143E-18     0.4764E-18     0.4560E-18     0.4371E-18     0.4277E-18     0.4235E-18     0.3999E-18           0.1011E-15
0.8000E+03     0.1093E-14     0.1088E-14     0.1072E-14     0.1013E-14     0.9235E-15     0.8163E-15     0.7029E-15     0.5932E-15     0.4934E-15     0.4065E-15     0.3330E-15     0.2723E-15     0.1039E-15     0.4658E-16     0.2443E-16     0.1441E-16     0.9259E-17     0.6348E-17     0.4596E-17     0.3473E-17     0.2208E-17     0.1576E-17     0.1230E-17     0.1030E-17     0.9098E-18     0.8360E-18     0.7902E-18     0.7618E-18     0.7450E-18     0.7349E-18     0.7289E-18     0.7241E-18     0.7189E-18           0.1170E-15
0.6000E+03     0.1017E-14     0.1013E-14     0.1002E-14     0.9588E-15     0.8922E-15     0.8093E-15     0.7180E-15     0.6254E-15     0.5365E-15     0.4554E-15     0.3835E-15     0.3215E-15     0.1329E-15     0.6105E-16     0.3222E-16     0.1909E-16     0.1232E-16     0.8468E-17     0.6126E-17     0.4629E-17     0.2941E-17     0.2112E-17     0.1687E-17     0.1468E-17     0.1366E-17     0.1330E-17     0.1333E-17     0.1357E-17     0.1389E-17     0.1422E-17     0.1445E-17     0.1463E-17     0.1470E-17           0.1404E-15
0.4000E+03     0.9081E-15     0.9059E-15     0.8989E-15     0.8715E-15     0.8282E-15     0.7727E-15     0.7086E-15     0.6400E-15     0.5705E-15     0.5030E-15     0.4395E-15     0.3814E-15     0.1794E-15     0.8689E-16     0.4657E-16     0.2777E-16     0.1803E-16     0.1248E-16     0.9044E-17     0.6804E-17     0.4217E-17     0.2932E-17     0.2311E-17     0.2082E-17     0.2098E-17     0.2276E-17     0.2550E-17     0.2874E-17     0.3199E-17     0.3494E-17     0.3728E-17     0.3874E-17     0.3911E-17           0.1793E-15
0.3500E+03     0.8717E-15     0.8698E-15     0.8638E-15     0.8404E-15     0.8033E-15     0.7551E-15     0.6988E-15     0.6375E-15     0.5744E-15     0.5121E-15     0.4523E-15     0.3968E-15     0.1950E-15     0.9666E-16     0.5221E-16     0.3120E-16     0.2032E-16     0.1412E-16     0.1028E-16     0.7730E-17     0.4749E-17     0.3227E-17     0.2484E-17     0.2228E-17     0.2302E-17     0.2611E-17     0.3069E-17     0.3601E-17     0.4147E-17     0.4644E-17     0.5039E-17     0.5291E-17     0.5376E-17           0.1937E-15
0.3000E+03     0.8300E-15     0.8285E-15     0.8234E-15     0.8039E-15     0.7727E-15     0.7317E-15     0.6834E-15     0.6300E-15     0.5741E-15     0.5179E-15     0.4630E-15     0.4110E-15     0.2125E-15     0.1085E-15     0.5919E-16     0.3551E-16     0.2323E-16     0.1622E-16     0.1190E-16     0.8992E-17     0.5486E-17     0.3618E-17     0.2662E-17     0.2331E-17     0.2472E-17     0.2967E-17     0.3713E-17     0.4606E-17     0.5520E-17     0.6379E-17     0.7049E-17     0.7507E-17     0.7627E-17           0.2112E-15
0.2500E+03     0.7817E-15     0.7805E-15     0.7763E-15     0.7604E-15     0.7349E-15     0.7010E-15     0.6604E-15     0.6153E-15     0.5672E-15     0.5182E-15     0.4694E-15     0.4222E-15     0.2317E-15     0.1227E-15     0.6798E-16     0.4096E-16     0.2696E-16     0.1898E-16     0.1406E-16     0.1077E-16     0.6597E-17     0.4205E-17     0.2866E-17     0.2346E-17     0.2522E-17     0.3278E-17     0.4496E-17     0.5993E-17     0.7601E-17     0.9113E-17     0.1033E-16     0.1113E-16     0.1140E-16           0.2331E-15
0.2000E+03     0.7195E-15     0.7186E-15     0.7155E-15     0.7034E-15     0.6837E-15     0.6575E-15     0.6257E-15     0.5896E-15     0.5507E-15     0.5098E-15     0.4685E-15     0.4275E-15     0.2514E-15     0.1396E-15     0.7903E-16     0.4791E-16     0.3164E-16     0.2259E-16     0.1704E-16     0.1332E-16     0.8443E-17     0.5274E-17     0.3233E-17     0.2229E-17     0.2289E-17     0.3370E-17     0.5347E-17     0.7945E-17     0.1085E-16     0.1366E-16     0.1599E-16     0.1752E-16     0.1806E-16           0.2613E-15
0.1500E+03     0.6400E-15     0.6394E-15     0.6372E-15     0.6287E-15     0.6148E-15     0.5960E-15     0.5731E-15     0.5465E-15     0.5171E-15     0.4858E-15     0.4535E-15     0.4205E-15     0.2678E-15     0.1582E-15     0.9244E-16     0.5637E-16     0.3722E-16     0.2687E-16     0.2089E-16     0.1700E-16     0.1174E-16     0.7660E-17     0.4335E-17     0.2138E-17     0.1531E-17     0.2799E-17     0.5923E-17     0.1055E-16     0.1606E-16     0.2161E-16     0.2635E-16     0.2954E-16     0.3063E-16           0.2986E-15
0.1000E+03     0.5307E-15     0.5304E-15     0.5291E-15     0.5239E-15     0.5154E-15     0.5039E-15     0.4894E-15     0.4726E-15     0.4535E-15     0.4327E-15     0.4107E-15     0.3877E-15     0.2709E-15     0.1734E-15     0.1059E-15     0.6473E-16     0.4183E-16     0.2993E-16     0.2404E-16     0.2107E-16     0.1766E-16     0.1376E-16     0.8723E-17     0.3797E-17     0.7007E-18     0.8859E-18     0.5078E-17     0.1307E-16     0.2371E-16     0.3522E-16     0.4547E-16     0.5256E-16     0.5504E-16           0.3480E-15
0.5000E+02     0.3585E-15     0.3583E-15     0.3577E-15     0.3555E-15     0.3518E-15     0.3467E-15     0.3403E-15     0.3325E-15     0.3236E-15     0.3137E-15     0.3029E-15     0.2912E-15     0.2261E-15     0.1600E-15     0.1040E-15     0.6264E-16     0.3615E-16     0.2191E-16     0.1640E-16     0.1636E-16     0.2268E-16     0.2739E-16     0.2575E-16     0.1857E-16     0.9405E-17     0.2856E-17     0.2453E-17     0.9822E-17     0.2408E-16     0.4226E-16     0.5989E-16     0.7268E-16     0.7745E-16           0.3844E-15
0.4500E+02     0.3333E-15     0.3331E-15     0.3327E-15     0.3307E-15     0.3275E-15     0.3230E-15     0.3172E-15     0.3105E-15     0.3026E-15     0.2938E-15     0.2842E-15     0.2738E-15     0.2149E-15     0.1539E-15     0.1008E-15     0.6069E-16     0.3431E-16     0.1980E-16     0.1419E-16     0.1434E-16     0.2194E-16     0.2851E-16     0.2827E-16     0.2165E-16     0.1217E-16     0.4505E-17     0.2707E-17     0.8655E-17     0.2177E-16     0.3908E-16     0.5631E-16     0.6886E-16     0.7340E-16           0.3792E-15
0.4000E+02     0.3057E-15     0.3055E-15     0.3051E-15     0.3035E-15     0.3006E-15     0.2967E-15     0.2917E-15     0.2859E-15     0.2790E-15     0.2712E-15     0.2629E-15     0.2538E-15     0.2015E-15     0.1461E-15     0.9670E-16     0.5826E-16     0.3225E-16     0.1757E-16     0.1173E-16     0.1192E-16     0.2058E-16     0.2900E-16     0.3048E-16     0.2483E-16     0.1533E-16     0.6692E-17     0.3299E-17     0.7349E-17     0.1860E-16     0.3428E-16     0.5033E-16     0.6214E-16     0.6640E-16           0.3687E-15
0.3500E+02     0.2748E-15     0.2747E-15     0.2744E-15     0.2729E-15     0.2705E-15     0.2672E-15     0.2630E-15     0.2580E-15     0.2522E-15     0.2457E-15     0.2384E-15     0.2307E-15     0.1855E-15     0.1364E-15     0.9135E-16     0.5531E-16     0.3012E-16     0.1536E-16     0.9190E-17     0.9186E-17     0.1839E-16     0.2848E-16     0.3197E-16     0.2768E-16     0.1865E-16     0.9392E-17     0.4295E-17     0.6009E-17     0.1458E-16     0.2774E-16     0.4157E-16     0.5206E-16     0.5601E-16           0.3512E-15
0.3000E+02     0.2407E-15     0.2405E-15     0.2402E-15     0.2390E-15     0.2371E-15     0.2344E-15     0.2310E-15     0.2270E-15     0.2222E-15     0.2168E-15     0.2109E-15     0.2044E-15     0.1664E-15     0.1244E-15     0.8471E-16     0.5189E-16     0.2809E-16     0.1347E-16     0.6840E-17     0.6299E-17     0.1524E-16     0.2641E-16     0.3191E-16     0.2956E-16     0.2162E-16     0.1234E-16     0.5789E-17     0.4834E-17     0.1001E-16     0.1958E-16     0.3035E-16     0.3864E-16     0.4169E-16           0.3243E-15
0.2500E+02     0.2031E-15     0.2031E-15     0.2028E-15     0.2019E-15     0.2004E-15     0.1983E-15     0.1956E-15     0.1925E-15     0.1888E-15     0.1845E-15     0.1798E-15     0.1748E-15     0.1446E-15     0.1103E-15     0.7690E-16     0.4827E-16     0.2653E-16     0.1234E-16     0.5143E-17     0.3634E-17     0.1098E-16     0.2220E-16     0.2935E-16     0.2932E-16     0.2338E-16     0.1497E-16     0.7651E-17     0.4216E-17     0.5628E-17     0.1086E-16     0.1763E-16     0.2310E-16     0.2514E-16           0.2862E-15
0.2000E+02     0.1637E-15     0.1636E-15     0.1634E-15     0.1628E-15     0.1616E-15     0.1602E-15     0.1582E-15     0.1560E-15     0.1533E-15     0.1502E-15     0.1468E-15     0.1431E-15     0.1207E-15     0.9462E-16     0.6837E-16     0.4484E-16     0.2595E-16     0.1261E-16     0.4806E-17     0.1861E-17     0.5977E-17     0.1546E-16     0.2320E-16     0.2566E-16     0.2262E-16     0.1630E-16     0.9578E-17     0.4664E-17     0.2775E-17     0.3750E-17     0.6284E-17     0.8761E-17     0.9788E-17           0.2377E-15
0.1500E+02     0.1254E-15     0.1253E-15     0.1252E-15     0.1248E-15     0.1241E-15     0.1232E-15     0.1219E-15     0.1204E-15     0.1187E-15     0.1167E-15     0.1144E-15     0.1120E-15     0.9708E-16     0.7914E-16     0.6033E-16     0.4256E-16     0.2723E-16     0.1527E-16     0.6992E-17     0.2292E-17     0.1447E-17     0.6991E-17     0.1345E-16     0.1749E-16     0.1785E-16     0.1506E-16     0.1069E-16     0.6394E-17     0.3158E-17     0.1356E-17     0.7823E-18     0.8230E-18     0.9056E-18           0.1851E-15
0.1000E+02     0.9406E-16     0.9405E-16     0.9399E-16     0.9375E-16     0.9336E-16     0.9283E-16     0.9213E-16     0.9129E-16     0.9031E-16     0.8919E-16     0.8794E-16     0.8655E-16     0.7794E-16     0.6719E-16     0.5534E-16     0.4335E-16     0.3206E-16     0.2211E-16     0.1394E-16     0.7739E-17     0.1082E-17     0.4265E-18     0.2945E-17     0.6168E-17     0.8592E-17     0.9567E-17     0.9132E-17     0.7815E-17     0.6250E-17     0.4834E-17     0.3734E-17     0.3033E-17     0.2793E-17           0.1439E-15
0.5000E+01     0.7420E-16     0.7420E-16     0.7417E-16     0.7408E-16     0.7392E-16     0.7369E-16     0.7341E-16     0.7307E-16     0.7267E-16     0.7219E-16     0.7167E-16     0.7109E-16     0.6736E-16     0.6245E-16     0.5662E-16     0.5016E-16     0.4341E-16     0.3665E-16     0.3014E-16     0.2408E-16     0.1392E-16     0.6757E-17     0.2460E-17     0.4554E-18     0.1367E-19     0.4632E-18     0.1290E-17     0.2164E-17     0.2912E-17     0.3473E-17     0.3846E-17     0.4053E-17     0.4120E-17           0.1448E-15