0.1            0.5           1.0           2.0           3.0           4.0           5.0           6.0           7.0           8.0           9.0          10.0          15.0          20.0          25.0          30.0          35.0          40.0          45.0          50.0          60.0          70.0          80.0          90.0         100.0         110.0         120.0         130.0         140.0         150.0         160.0         170.0         180.0
0.3000E+05     0.4673E-14     0.4120E-14     0.2879E-14     0.1049E-14     0.4123E-15     0.1915E-15     0.1009E-15     0.5857E-16     0.3636E-16     0.2371E-16     0.1618E-16     0.1142E-16     0.2866E-17     0.1047E-17     0.4757E-18     0.2483E-18     0.1434E-18     0.8914E-19     0.5878E-19     0.4047E-19     0.2156E-19     0.1277E-19     0.8257E-20     0.5725E-20     0.4172E-20     0.3205E-20     0.2578E-20     0.2137E-20     0.1858E-20     0.1672E-20     0.1537E-20     0.1459E-20     0.1365E-20           0.1838E-16
0.2900E+05     0.4655E-14     0.4122E-14     0.2909E-14     0.1079E-14     0.4272E-15     0.1989E-15     0.1053E-15     0.6118E-16     0.3792E-16     0.2489E-16     0.1697E-16     0.1197E-16     0.3021E-17     0.1105E-17     0.5016E-18     0.2622E-18     0.1515E-18     0.9471E-19     0.6245E-19     0.4336E-19     0.2310E-19     0.1366E-19     0.8828E-20     0.6080E-20     0.4456E-20     0.3434E-20     0.2751E-20     0.2282E-20     0.1982E-20     0.1776E-20     0.1642E-20     0.1567E-20     0.1483E-20           0.1889E-16
0.2800E+05     0.4633E-14     0.4117E-14     0.2936E-14     0.1110E-14     0.4433E-15     0.2071E-15     0.1098E-15     0.6412E-16     0.3977E-16     0.2608E-16     0.1780E-16     0.1261E-16     0.3188E-17     0.1169E-17     0.5330E-18     0.2794E-18     0.1618E-18     0.1010E-18     0.6679E-19     0.4617E-19     0.2465E-19     0.1467E-19     0.9484E-20     0.6558E-20     0.4817E-20     0.3682E-20     0.2947E-20     0.2459E-20     0.2129E-20     0.1909E-20     0.1770E-20     0.1679E-20     0.1716E-20           0.1943E-16
0.2700E+05     0.4602E-14     0.4104E-14     0.2956E-14     0.1141E-14     0.4600E-15     0.2159E-15     0.1147E-15     0.6703E-16     0.4174E-16     0.2739E-16     0.1874E-16     0.1327E-16     0.3373E-17     0.1241E-17     0.5658E-18     0.2972E-18     0.1722E-18     0.1083E-18     0.7150E-19     0.4942E-19     0.2632E-19     0.1570E-19     0.1014E-19     0.7070E-20     0.5161E-20     0.3974E-20     0.3200E-20     0.2672E-20     0.2307E-20     0.2056E-20     0.1900E-20     0.1840E-20     0.1748E-20           0.1999E-16
0.2600E+05     0.4575E-14     0.4095E-14     0.2979E-14     0.1175E-14     0.4781E-15     0.2253E-15     0.1202E-15     0.7025E-16     0.4384E-16     0.2890E-16     0.1974E-16     0.1401E-16     0.3573E-17     0.1319E-17     0.6039E-18     0.3181E-18     0.1845E-18     0.1151E-18     0.7601E-19     0.5268E-19     0.2839E-19     0.1679E-19     0.1095E-19     0.7586E-20     0.5574E-20     0.4307E-20     0.3451E-20     0.2884E-20     0.2505E-20     0.2234E-20     0.2073E-20     0.1979E-20     0.1949E-20           0.2060E-16
0.2500E+05     0.4557E-14     0.4095E-14     0.3006E-14     0.1211E-14     0.4976E-15     0.2355E-15     0.1259E-15     0.7395E-16     0.4611E-16     0.3041E-16     0.2085E-16     0.1481E-16     0.3794E-17     0.1405E-17     0.6455E-18     0.3395E-18     0.1970E-18     0.1235E-18     0.8193E-19     0.5686E-19     0.3029E-19     0.1830E-19     0.1184E-19     0.8222E-20     0.6044E-20     0.4642E-20     0.3741E-20     0.3136E-20     0.2715E-20     0.2432E-20     0.2255E-20     0.2152E-20     0.2122E-20           0.2127E-16
0.2400E+05     0.4544E-14     0.4090E-14     0.3029E-14     0.1250E-14     0.5176E-15     0.2468E-15     0.1320E-15     0.7756E-16     0.4866E-16     0.3208E-16     0.2207E-16     0.1567E-16     0.4040E-17     0.1503E-17     0.6895E-18     0.3637E-18     0.2117E-18     0.1323E-18     0.8800E-19     0.6096E-19     0.3272E-19     0.1970E-19     0.1278E-19     0.8949E-20     0.6531E-20     0.5094E-20     0.4058E-20     0.3406E-20     0.2951E-20     0.2666E-20     0.2454E-20     0.2352E-20     0.2349E-20           0.2198E-16
0.2300E+05     0.4517E-14     0.4080E-14     0.3049E-14     0.1289E-14     0.5398E-15     0.2589E-15     0.1389E-15     0.8187E-16     0.5131E-16     0.3400E-16     0.2338E-16     0.1663E-16     0.4304E-17     0.1605E-17     0.7369E-18     0.3908E-18     0.2283E-18     0.1434E-18     0.9542E-19     0.6619E-19     0.3562E-19     0.2138E-19     0.1395E-19     0.9690E-20     0.7135E-20     0.5516E-20     0.4454E-20     0.3735E-20     0.3242E-20     0.2911E-20     0.2704E-20     0.2575E-20     0.2544E-20           0.2274E-16
0.2200E+05     0.4518E-14     0.4093E-14     0.3084E-14     0.1333E-14     0.5653E-15     0.2721E-15     0.1465E-15     0.8679E-16     0.5432E-16     0.3597E-16     0.2480E-16     0.1769E-16     0.4599E-17     0.1719E-17     0.7948E-18     0.4214E-18     0.2475E-18     0.1546E-18     0.1025E-18     0.7162E-19     0.3893E-19     0.2313E-19     0.1520E-19     0.1061E-19     0.7812E-20     0.6018E-20     0.4894E-20     0.4099E-20     0.3556E-20     0.3205E-20     0.2982E-20     0.2857E-20     0.2739E-20           0.2361E-16
0.2100E+05     0.4502E-14     0.4092E-14     0.3109E-14     0.1372E-14     0.5913E-15     0.2863E-15     0.1545E-15     0.9107E-16     0.5765E-16     0.3826E-16     0.2636E-16     0.1883E-16     0.4927E-17     0.1852E-17     0.8561E-18     0.4556E-18     0.2660E-18     0.1693E-18     0.1121E-18     0.7769E-19     0.4238E-19     0.2532E-19     0.1661E-19     0.1158E-19     0.8604E-20     0.6610E-20     0.5394E-20     0.4509E-20     0.3934E-20     0.3543E-20     0.3301E-20     0.3117E-20     0.3240E-20           0.2448E-16
0.2000E+05     0.4472E-14     0.4080E-14     0.3130E-14     0.1412E-14     0.6181E-15     0.3002E-15     0.1642E-15     0.9700E-16     0.6106E-16     0.4068E-16     0.2812E-16     0.2013E-16     0.5297E-17     0.2001E-17     0.9272E-18     0.4942E-18     0.2908E-18     0.1836E-18     0.1217E-18     0.8539E-19     0.4638E-19     0.2790E-19     0.1816E-19     0.1279E-19     0.9477E-20     0.7359E-20     0.5966E-20     0.5012E-20     0.4357E-20     0.3929E-20     0.3661E-20     0.3479E-20     0.3643E-20           0.2540E-16
0.1900E+05     0.4466E-14     0.4090E-14     0.3169E-14     0.1462E-14     0.6515E-15     0.3170E-15     0.1730E-15     0.1031E-15     0.6525E-16     0.4344E-16     0.3009E-16     0.2155E-16     0.5708E-17     0.2155E-17     0.1006E-17     0.5380E-18     0.3148E-18     0.2000E-18     0.1338E-18     0.9304E-19     0.5072E-19     0.3081E-19     0.2019E-19     0.1413E-19     0.1050E-19     0.8170E-20     0.6631E-20     0.5592E-20     0.4869E-20     0.4401E-20     0.4083E-20     0.3916E-20     0.4236E-20           0.2650E-16
0.1800E+05     0.4448E-14     0.4089E-14     0.3200E-14     0.1509E-14     0.6842E-15     0.3376E-15     0.1843E-15     0.1096E-15     0.6967E-16     0.4648E-16     0.3225E-16     0.2314E-16     0.6166E-17     0.2341E-17     0.1097E-17     0.5886E-18     0.3458E-18     0.2200E-18     0.1467E-18     0.1030E-18     0.5616E-19     0.3418E-19     0.2240E-19     0.1576E-19     0.1171E-19     0.9134E-20     0.7416E-20     0.6269E-20     0.5459E-20     0.4930E-20     0.4572E-20     0.4412E-20     0.4406E-20           0.2767E-16
0.1700E+05     0.4427E-14     0.4087E-14     0.3234E-14     0.1563E-14     0.7174E-15     0.3576E-15     0.1970E-15     0.1173E-15     0.7465E-16     0.4990E-16     0.3474E-16     0.2493E-16     0.6685E-17     0.2554E-17     0.1200E-17     0.6432E-18     0.3820E-18     0.2411E-18     0.1628E-18     0.1138E-18     0.6233E-19     0.3794E-19     0.2510E-19     0.1764E-19     0.1316E-19     0.1027E-19     0.8367E-20     0.7064E-20     0.6166E-20     0.5556E-20     0.5243E-20     0.4978E-20     0.5177E-20           0.2895E-16
0.1600E+05     0.4390E-14     0.4069E-14     0.3261E-14     0.1621E-14     0.7565E-15     0.3795E-15     0.2104E-15     0.1258E-15     0.8039E-16     0.5374E-16     0.3746E-16     0.2695E-16     0.7277E-17     0.2799E-17     0.1317E-17     0.7117E-18     0.4208E-18     0.2683E-18     0.1800E-18     0.1270E-18     0.6962E-19     0.4244E-19     0.2811E-19     0.1991E-19     0.1487E-19     0.1164E-19     0.9509E-20     0.8035E-20     0.7041E-20     0.6373E-20     0.5890E-20     0.5705E-20     0.5820E-20           0.3035E-16
0.1500E+05     0.4347E-14     0.4049E-14     0.3285E-14     0.1682E-14     0.8009E-15     0.4050E-15     0.2256E-15     0.1353E-15     0.8665E-16     0.5813E-16     0.4062E-16     0.2926E-16     0.7957E-17     0.3075E-17     0.1457E-17     0.7878E-18     0.4687E-18     0.2991E-18     0.2016E-18     0.1426E-18     0.7836E-19     0.4793E-19     0.3185E-19     0.2259E-19     0.1693E-19     0.1330E-19     0.1086E-19     0.9238E-20     0.8043E-20     0.7302E-20     0.6868E-20     0.6560E-20     0.6443E-20           0.3193E-16
0.1400E+05     0.4295E-14     0.4017E-14     0.3300E-14     0.1743E-14     0.8488E-15     0.4342E-15     0.2428E-15     0.1463E-15     0.9384E-16     0.6317E-16     0.4421E-16     0.3193E-16     0.8749E-17     0.3391E-17     0.1615E-17     0.8795E-18     0.5247E-18     0.3346E-18     0.2267E-18     0.1606E-18     0.8864E-19     0.5453E-19     0.3639E-19     0.2590E-19     0.1945E-19     0.1533E-19     0.1253E-19     0.1067E-19     0.9424E-20     0.8498E-20     0.7939E-20     0.7598E-20     0.7466E-20           0.3366E-16
0.1300E+05     0.4239E-14     0.3984E-14     0.3313E-14     0.1807E-14     0.9002E-15     0.4670E-15     0.2624E-15     0.1588E-15     0.1022E-15     0.6898E-16     0.4831E-16     0.3497E-16     0.9661E-17     0.3774E-17     0.1806E-17     0.9836E-18     0.5898E-18     0.3795E-18     0.2575E-18     0.1818E-18     0.1015E-18     0.6260E-19     0.4193E-19     0.2996E-19     0.2258E-19     0.1779E-19     0.1469E-19     0.1252E-19     0.1101E-19     0.9897E-20     0.9281E-20     0.8998E-20     0.8828E-20           0.3561E-16
0.1200E+05     0.4183E-14     0.3949E-14     0.3325E-14     0.1876E-14     0.9570E-15     0.5040E-15     0.2854E-15     0.1734E-15     0.1118E-15     0.7566E-16     0.5312E-16     0.3853E-16     0.1073E-16     0.4220E-17     0.2032E-17     0.1114E-17     0.6692E-18     0.4310E-18     0.2938E-18     0.2092E-18     0.1167E-18     0.7247E-19     0.4879E-19     0.3503E-19     0.2651E-19     0.2094E-19     0.1728E-19     0.1478E-19     0.1303E-19     0.1188E-19     0.1116E-19     0.1069E-19     0.1101E-19           0.3784E-16
0.1100E+05     0.4120E-14     0.3907E-14     0.3333E-14     0.1947E-14     0.1020E-14     0.5461E-15     0.3115E-15     0.1906E-15     0.1231E-15     0.8357E-16     0.5883E-16     0.4275E-16     0.1201E-16     0.4749E-17     0.2295E-17     0.1266E-17     0.7665E-18     0.4961E-18     0.3391E-18     0.2420E-18     0.1362E-18     0.8498E-19     0.5752E-19     0.4148E-19     0.3154E-19     0.2511E-19     0.2074E-19     0.1777E-19     0.1582E-19     0.1436E-19     0.1347E-19     0.1298E-19     0.1246E-19           0.4038E-16
0.1000E+05     0.4049E-14     0.3856E-14     0.3333E-14     0.2021E-14     0.1091E-14     0.5951E-15     0.3425E-15     0.2107E-15     0.1366E-15     0.9293E-16     0.6564E-16     0.4779E-16     0.1355E-16     0.5406E-17     0.2635E-17     0.1461E-17     0.8877E-18     0.5772E-18     0.3959E-18     0.2836E-18     0.1608E-18     0.1010E-18     0.6868E-19     0.4981E-19     0.3808E-19     0.3041E-19     0.2528E-19     0.2186E-19     0.1943E-19     0.1772E-19     0.1672E-19     0.1591E-19     0.1593E-19           0.4334E-16
0.9000E+04     0.3971E-14     0.3800E-14     0.3327E-14     0.2095E-14     0.1170E-14     0.6515E-15     0.3792E-15     0.2346E-15     0.1530E-15     0.1043E-15     0.7389E-16     0.5392E-16     0.1545E-16     0.6197E-17     0.3039E-17     0.1695E-17     0.1035E-17     0.6779E-18     0.4672E-18     0.3363E-18     0.1924E-18     0.1218E-18     0.8357E-19     0.6105E-19     0.4693E-19     0.3768E-19     0.3149E-19     0.2739E-19     0.2446E-19     0.2229E-19     0.2109E-19     0.2030E-19     0.1991E-19           0.4679E-16
0.8000E+04     0.3885E-14     0.3734E-14     0.3315E-14     0.2173E-14     0.1257E-14     0.7179E-15     0.4239E-15     0.2641E-15     0.1731E-15     0.1184E-15     0.8409E-16     0.6156E-16     0.1779E-16     0.7204E-17     0.3561E-17     0.2001E-17     0.1228E-17     0.8079E-18     0.5605E-18     0.4056E-18     0.2341E-18     0.1497E-18     0.1036E-18     0.7635E-19     0.5919E-19     0.4797E-19     0.4037E-19     0.3515E-19     0.3163E-19     0.2908E-19     0.2733E-19     0.2662E-19     0.2648E-19           0.5095E-16
0.7000E+04     0.3788E-14     0.3658E-14     0.3288E-14     0.2247E-14     0.1355E-14     0.7960E-15     0.4785E-15     0.3009E-15     0.1985E-15     0.1362E-15     0.9702E-16     0.7122E-16     0.2082E-16     0.8500E-17     0.4231E-17     0.2387E-17     0.1481E-17     0.9824E-18     0.6851E-18     0.4981E-18     0.2911E-18     0.1883E-18     0.1315E-18     0.9808E-19     0.7674E-19     0.6300E-19     0.5325E-19     0.4684E-19     0.4223E-19     0.3916E-19     0.3698E-19     0.3600E-19     0.3474E-19           0.5600E-16
0.6000E+04     0.3677E-14     0.3567E-14     0.3249E-14     0.2319E-14     0.1463E-14     0.8898E-15     0.5468E-15     0.3477E-15     0.2310E-15     0.1596E-15     0.1139E-15     0.8385E-16     0.2480E-16     0.1021E-16     0.5122E-17     0.2921E-17     0.1822E-17     0.1218E-17     0.8546E-18     0.6263E-18     0.3710E-18     0.2432E-18     0.1721E-18     0.1299E-18     0.1036E-18     0.8543E-19     0.7335E-19     0.6531E-19     0.5942E-19     0.5528E-19     0.5285E-19     0.5128E-19     0.5106E-19           0.6234E-16
0.5000E+04     0.3551E-14     0.3460E-14     0.3196E-14     0.2384E-14     0.1581E-14     0.1002E-14     0.6344E-15     0.4104E-15     0.2750E-15     0.1910E-15     0.1370E-15     0.1011E-15     0.3027E-16     0.1259E-16     0.6366E-17     0.3668E-17     0.2301E-17     0.1552E-17     0.1098E-17     0.8106E-18     0.4875E-18     0.3245E-18     0.2340E-18     0.1797E-18     0.1452E-18     0.1224E-18     0.1069E-18     0.9626E-19     0.8874E-19     0.8370E-19     0.8026E-19     0.7844E-19     0.7784E-19           0.7060E-16
0.4000E+04     0.3394E-14     0.3322E-14     0.3112E-14     0.2437E-14     0.1710E-14     0.1136E-14     0.7460E-15     0.4949E-15     0.3364E-15     0.2358E-15     0.1701E-15     0.1261E-15     0.3828E-16     0.1608E-16     0.8222E-17     0.4766E-17     0.3024E-17     0.2055E-17     0.1465E-17     0.1091E-17     0.6676E-18     0.4532E-18     0.3337E-18     0.2626E-18     0.2180E-18     0.1880E-18     0.1690E-18     0.1551E-18     0.1461E-18     0.1396E-18     0.1358E-18     0.1335E-18     0.1319E-18           0.8188E-16
0.3000E+04     0.3170E-14     0.3120E-14     0.2964E-14     0.2447E-14     0.1834E-14     0.1297E-14     0.8953E-15     0.6163E-15     0.4292E-15     0.3049E-15     0.2220E-15     0.1655E-15     0.5098E-16     0.2173E-16     0.1120E-16     0.6560E-17     0.4201E-17     0.2878E-17     0.2073E-17     0.1555E-17     0.9667E-18     0.6676E-18     0.5058E-18     0.4099E-18     0.3539E-18     0.3193E-18     0.2978E-18     0.2851E-18     0.2774E-18     0.2726E-18     0.2702E-18     0.2690E-18     0.2663E-18           0.9841E-16
0.2000E+04     0.2854E-14     0.2821E-14     0.2724E-14     0.2377E-14     0.1924E-14     0.1474E-14     0.1092E-14     0.7960E-15     0.5787E-15     0.4233E-15     0.3137E-15     0.2365E-15     0.7429E-16     0.3208E-16     0.1678E-16     0.9952E-17     0.6452E-17     0.4466E-17     0.3246E-17     0.2456E-17     0.1542E-17     0.1076E-17     0.8243E-18     0.6930E-18     0.6315E-18     0.6139E-18     0.6226E-18     0.6461E-18     0.6757E-18     0.7053E-18     0.7299E-18     0.7454E-18     0.7377E-18           0.1258E-15
0.1000E+04     0.2337E-14     0.2322E-14     0.2277E-14     0.2112E-14     0.1870E-14     0.1591E-14     0.1313E-14     0.1057E-14     0.8380E-15     0.6581E-15     0.5149E-15     0.4034E-15     0.1340E-15     0.5793E-16     0.3064E-16     0.1840E-16     0.1208E-16     0.8522E-17     0.6339E-17     0.4903E-17     0.3200E-17     0.2229E-17     0.1610E-17     0.1236E-17     0.1086E-17     0.1173E-17     0.1503E-17     0.2028E-17     0.2699E-17     0.3376E-17     0.3998E-17     0.4389E-17     0.4632E-17           0.1857E-15
0.8000E+03     0.2174E-14     0.2164E-14     0.2129E-14     0.2001E-14     0.1809E-14     0.1581E-14     0.1341E-14     0.1111E-14     0.9056E-15     0.7293E-15     0.5837E-15     0.4657E-15     0.1608E-15     0.6934E-16     0.3655E-16     0.2197E-16     0.1443E-16     0.1014E-16     0.7547E-17     0.5884E-17     0.3959E-17     0.2857E-17     0.2071E-17     0.1483E-17     0.1144E-17     0.1167E-17     0.1643E-17     0.2586E-17     0.3879E-17     0.5318E-17     0.6639E-17     0.7562E-17     0.7891E-17           0.2090E-15
0.6000E+03     0.1973E-14     0.1965E-14     0.1940E-14     0.1849E-14     0.1707E-14     0.1533E-14     0.1343E-14     0.1151E-14     0.9705E-15     0.8072E-15     0.6651E-15     0.5447E-15     0.2018E-15     0.8735E-16     0.4587E-16     0.2753E-16     0.1798E-16     0.1251E-16     0.9186E-17     0.7117E-17     0.4942E-17     0.3871E-17     0.3023E-17     0.2125E-17     0.1304E-17     0.9347E-18     0.1436E-17     0.3052E-17     0.5698E-17     0.8940E-17     0.1208E-16     0.1435E-16     0.1518E-16           0.2423E-15
0.4000E+03     0.1694E-14     0.1690E-14     0.1675E-14     0.1618E-14     0.1528E-14     0.1414E-14     0.1284E-14     0.1145E-14     0.1005E-14     0.8715E-15     0.7472E-15     0.6355E-15     0.2675E-15     0.1196E-15     0.6294E-16     0.3825E-16     0.2523E-16     0.1731E-16     0.1218E-16     0.8846E-17     0.5696E-17     0.5124E-17     0.5149E-17     0.4463E-17     0.2784E-17     0.9290E-18     0.3868E-18     0.2544E-17     0.7914E-17     0.1570E-16     0.2395E-16     0.3026E-16     0.3260E-16           0.2953E-15
0.3500E+03     0.1602E-14     0.1599E-14     0.1585E-14     0.1537E-14     0.1462E-14     0.1363E-14     0.1249E-14     0.1126E-14     0.1000E-14     0.8774E-15     0.7616E-15     0.6552E-15     0.2887E-15     0.1313E-15     0.6939E-16     0.4259E-16     0.2845E-16     0.1965E-16     0.1368E-16     0.9642E-17     0.5678E-17     0.5222E-17     0.5902E-17     0.5743E-17     0.3984E-17     0.1450E-17     0.1127E-18     0.2046E-17     0.8245E-17     0.1789E-16     0.2850E-16     0.3673E-16     0.3984E-16           0.3138E-15
0.3000E+03     0.1496E-14     0.1493E-14     0.1482E-14     0.1442E-14     0.1379E-14     0.1297E-14     0.1200E-14     0.1094E-14     0.9834E-15     0.8738E-15     0.7681E-15     0.6692E-15     0.3108E-15     0.1446E-15     0.7692E-16     0.4785E-16     0.3273E-16     0.2301E-16     0.1605E-16     0.1097E-16     0.5564E-17     0.5001E-17     0.6625E-17     0.7514E-17     0.6018E-17     0.2723E-17     0.1564E-18     0.1384E-17     0.8225E-17     0.2001E-16     0.3352E-16     0.4426E-16     0.4833E-16           0.3354E-15
0.2500E+03     0.1370E-14     0.1367E-14     0.1359E-14     0.1327E-14     0.1276E-14     0.1209E-14     0.1130E-14     0.1041E-14     0.9481E-15     0.8536E-15     0.7608E-15     0.6722E-15     0.3313E-15     0.1587E-15     0.8516E-16     0.5398E-16     0.3832E-16     0.2796E-16     0.1994E-16     0.1349E-16     0.5534E-17     0.4222E-17     0.7059E-17     0.9857E-17     0.9405E-17     0.5491E-17     0.1129E-17     0.7577E-18     0.7577E-17     0.2140E-16     0.3826E-16     0.5207E-16     0.5740E-16           0.3603E-15
0.2000E+03     0.1208E-14     0.1206E-14     0.1200E-14     0.1176E-14     0.1138E-14     0.1088E-14     0.1026E-14     0.9573E-15     0.8831E-15     0.8063E-15     0.7292E-15     0.6537E-15     0.3443E-15     0.1707E-15     0.9248E-16     0.6007E-16     0.4503E-16     0.3522E-16     0.2656E-16     0.1852E-16     0.6366E-17     0.2724E-17     0.6630E-17     0.1261E-16     0.1481E-16     0.1107E-16     0.4357E-17     0.8400E-18     0.5950E-17     0.2071E-16     0.4063E-16     0.5768E-16     0.6437E-16           0.3878E-15
0.1500E+03     0.9939E-15     0.9925E-15     0.9885E-15     0.9726E-15     0.9465E-15     0.9116E-15     0.8689E-15     0.8199E-15     0.7663E-15     0.7095E-15     0.6514E-15     0.5929E-15     0.3351E-15     0.1725E-15     0.9372E-16     0.6254E-16     0.5104E-16     0.4460E-16     0.3749E-16     0.2863E-16     0.1054E-16     0.1200E-17     0.4500E-17     0.1477E-16     0.2238E-16     0.2109E-16     0.1217E-16     0.3333E-17     0.3230E-17     0.1549E-16     0.3601E-16     0.5502E-16     0.6269E-16           0.4127E-15
0.1000E+03     0.6840E-15     0.6833E-15     0.6810E-15     0.6722E-15     0.6578E-15     0.6382E-15     0.6138E-15     0.5854E-15     0.5538E-15     0.5197E-15     0.4837E-15     0.4468E-15     0.2699E-15     0.1425E-15     0.7529E-16     0.5118E-16     0.4848E-16     0.5125E-16     0.5121E-16     0.4576E-16     0.2368E-16     0.4111E-17     0.1154E-17     0.1333E-16     0.2809E-16     0.3300E-16     0.2457E-16     0.9988E-17     0.8831E-18     0.4912E-17     0.2028E-16     0.3713E-16     0.4436E-16           0.4101E-15
0.5000E+02     0.2316E-15     0.2314E-15     0.2308E-15     0.2283E-15     0.2243E-15     0.2188E-15     0.2117E-15     0.2035E-15     0.1942E-15     0.1839E-15     0.1728E-15     0.1612E-15     0.1010E-15     0.5142E-16     0.2280E-16     0.1487E-16     0.2073E-16     0.3175E-16     0.4096E-16     0.4460E-16     0.3443E-16     0.1438E-16     0.2505E-17     0.4703E-17     0.1392E-16     0.1931E-16     0.1606E-16     0.8509E-17     0.5910E-17     0.1454E-16     0.3275E-16     0.5085E-16     0.5804E-16           0.2699E-15
0.4500E+02     0.1849E-15     0.1848E-15     0.1842E-15     0.1822E-15     0.1791E-15     0.1748E-15     0.1693E-15     0.1628E-15     0.1554E-15     0.1473E-15     0.1385E-15     0.1293E-15     0.8130E-16     0.4113E-16     0.1766E-16     0.1127E-16     0.1673E-16     0.2683E-16     0.3552E-16     0.3938E-16     0.3137E-16     0.1365E-16     0.2525E-17     0.3621E-17     0.1093E-16     0.1509E-16     0.1232E-16     0.7031E-17     0.7797E-17     0.1986E-16     0.4078E-16     0.6054E-16     0.6825E-16           0.2415E-15
0.4000E+02     0.1412E-15     0.1411E-15     0.1407E-15     0.1392E-15     0.1369E-15     0.1336E-15     0.1295E-15     0.1246E-15     0.1191E-15     0.1130E-15     0.1064E-15     0.9943E-16     0.6281E-16     0.3172E-16     0.1324E-16     0.8199E-17     0.1278E-16     0.2141E-16     0.2909E-16     0.3278E-16     0.2663E-16     0.1192E-16     0.2222E-17     0.2596E-17     0.7955E-17     0.1079E-16     0.8445E-17     0.5695E-17     0.1030E-16     0.2660E-16     0.5057E-16     0.7249E-16     0.8167E-16           0.2119E-15
0.3500E+02     0.1020E-15     0.1019E-15     0.1016E-15     0.1006E-15     0.9893E-16     0.9664E-16     0.9377E-16     0.9034E-16     0.8644E-16     0.8212E-16     0.7747E-16     0.7252E-16     0.4629E-16     0.2361E-16     0.9802E-17     0.5817E-17     0.9137E-17     0.1573E-16     0.2179E-16     0.2486E-16     0.2034E-16     0.9029E-17     0.1549E-17     0.1694E-17     0.5298E-17     0.6685E-17     0.4863E-17     0.4900E-17     0.1387E-16     0.3466E-16     0.6278E-16     0.8682E-16     0.9602E-16           0.1838E-15
0.3000E+02     0.6876E-16     0.6871E-16     0.6855E-16     0.6789E-16     0.6682E-16     0.6533E-16     0.6347E-16     0.6124E-16     0.5872E-16     0.5592E-16     0.5288E-16     0.4966E-16     0.3239E-16     0.1715E-16     0.7504E-17     0.4286E-17     0.6056E-17     0.1021E-16     0.1415E-16     0.1612E-16     0.1288E-16     0.5261E-17     0.6018E-18     0.1098E-17     0.3246E-17     0.3319E-17     0.2070E-17     0.5155E-17     0.1891E-16     0.4488E-16     0.7741E-16     0.1041E-15     0.1141E-15           0.1619E-15
0.2500E+02     0.4277E-16     0.4274E-16     0.4265E-16     0.4229E-16     0.4168E-16     0.4084E-16     0.3980E-16     0.3855E-16     0.3712E-16     0.3552E-16     0.3379E-16     0.3196E-16     0.2195E-16     0.1281E-16     0.6581E-17     0.3873E-17     0.4001E-17     0.5583E-17     0.7182E-17     0.7799E-17     0.5401E-17     0.1458E-17     0.4387E-19     0.1324E-17     0.2332E-17     0.1184E-17     0.6326E-18     0.7018E-17     0.2626E-16     0.5835E-16     0.9562E-16     0.1263E-15     0.1385E-15           0.1557E-15
0.2000E+02     0.2605E-16     0.2604E-16     0.2599E-16     0.2583E-16     0.2556E-16     0.2517E-16     0.2469E-16     0.2413E-16     0.2347E-16     0.2274E-16     0.2194E-16     0.2109E-16     0.1630E-16     0.1159E-16     0.7866E-17     0.5432E-17     0.4099E-17     0.3398E-17     0.2850E-17     0.2162E-17     0.5239E-18     0.2074E-18     0.2031E-17     0.4028E-17     0.3618E-17     0.9397E-18     0.9195E-18     0.1116E-16     0.3692E-16     0.7715E-16     0.1223E-15     0.1575E-15     0.1706E-15           0.1860E-15
0.1500E+02     0.2680E-16     0.2680E-16     0.2678E-16     0.2671E-16     0.2660E-16     0.2644E-16     0.2623E-16     0.2599E-16     0.2571E-16     0.2538E-16     0.2502E-16     0.2462E-16     0.2222E-16     0.1930E-16     0.1615E-16     0.1299E-16     0.9984E-17     0.7323E-17     0.5215E-17     0.3886E-17     0.4316E-17     0.8762E-17     0.1424E-16     0.1597E-16     0.1159E-16     0.4296E-17     0.2717E-17     0.1739E-16     0.5420E-16     0.1093E-15     0.1697E-15     0.2176E-15     0.2358E-15           0.3158E-15
0.1000E+02     0.2238E-15     0.2237E-15     0.2235E-15     0.2231E-15     0.2222E-15     0.2208E-15     0.2192E-15     0.2173E-15     0.2149E-15     0.2122E-15     0.2092E-15     0.2059E-15     0.1849E-15     0.1584E-15     0.1286E-15     0.9845E-16     0.7077E-16     0.4821E-16     0.3275E-16     0.2548E-16     0.3489E-16     0.6519E-16     0.9423E-16     0.1004E-15     0.7630E-16     0.3559E-16     0.7809E-17     0.2407E-16     0.1011E-15     0.2296E-15     0.3743E-15     0.4873E-15     0.5298E-15           0.1111E-14
0.5000E+01     0.4846E-15     0.4846E-15     0.4845E-15     0.4837E-15     0.4825E-15     0.4809E-15     0.4788E-15     0.4763E-15     0.4733E-15     0.4699E-15     0.4660E-15     0.4617E-15     0.4342E-15     0.3983E-15     0.3559E-15     0.3097E-15     0.2619E-15     0.2149E-15     0.1707E-15     0.1309E-15     0.6804E-16     0.2897E-16     0.9763E-17     0.3304E-17     0.2541E-17     0.2707E-17     0.1971E-17     0.7255E-18     0.1818E-18     0.1097E-17     0.3167E-17     0.5246E-17     0.6112E-17           0.7959E-15