0.1            0.5           1.0           2.0           3.0           4.0           5.0           6.0           7.0           8.0           9.0          10.0          15.0          20.0          25.0          30.0          35.0          40.0          45.0          50.0          60.0          70.0          80.0          90.0         100.0         110.0         120.0         130.0         140.0         150.0         160.0         170.0         180.0
0.3000E+05     0.1234E-13     0.1092E-13     0.7696E-14     0.2842E-14     0.1108E-14     0.5136E-15     0.2729E-15     0.1600E-15     0.1007E-15     0.6724E-16     0.4684E-16     0.3386E-16     0.9726E-17     0.3952E-17     0.1937E-17     0.1069E-17     0.6443E-18     0.4162E-18     0.2841E-18     0.2035E-18     0.1184E-18     0.7797E-19     0.5677E-19     0.4485E-19     0.3794E-19     0.3385E-19     0.3142E-19     0.2979E-19     0.2908E-19     0.2865E-19     0.2845E-19     0.2827E-19     0.2972E-19           0.5106E-16
0.2900E+05     0.1224E-13     0.1087E-13     0.7732E-14     0.2905E-14     0.1141E-14     0.5295E-15     0.2817E-15     0.1652E-15     0.1042E-15     0.6949E-16     0.4845E-16     0.3516E-16     0.1011E-16     0.4128E-17     0.2027E-17     0.1122E-17     0.6782E-18     0.4378E-18     0.2997E-18     0.2152E-18     0.1244E-18     0.8191E-19     0.5969E-19     0.4723E-19     0.3999E-19     0.3585E-19     0.3339E-19     0.3185E-19     0.3123E-19     0.3079E-19     0.3060E-19     0.3042E-19     0.3020E-19           0.5215E-16
0.2800E+05     0.1213E-13     0.1081E-13     0.7763E-14     0.2970E-14     0.1175E-14     0.5465E-15     0.2911E-15     0.1709E-15     0.1079E-15     0.7204E-16     0.5027E-16     0.3640E-16     0.1053E-16     0.4316E-17     0.2125E-17     0.1178E-17     0.7125E-18     0.4609E-18     0.3151E-18     0.2259E-18     0.1309E-18     0.8619E-19     0.6276E-19     0.4994E-19     0.4241E-19     0.3789E-19     0.3542E-19     0.3416E-19     0.3337E-19     0.3319E-19     0.3301E-19     0.3287E-19     0.3315E-19           0.5329E-16
0.2700E+05     0.1200E-13     0.1073E-13     0.7784E-14     0.3036E-14     0.1210E-14     0.5647E-15     0.3009E-15     0.1769E-15     0.1117E-15     0.7469E-16     0.5209E-16     0.3783E-16     0.1097E-16     0.4514E-17     0.2229E-17     0.1240E-17     0.7516E-18     0.4864E-18     0.3328E-18     0.2389E-18     0.1383E-18     0.9083E-19     0.6609E-19     0.5253E-19     0.4471E-19     0.4043E-19     0.3791E-19     0.3665E-19     0.3606E-19     0.3577E-19     0.3565E-19     0.3564E-19     0.3610E-19           0.5447E-16
0.2600E+05     0.1188E-13     0.1066E-13     0.7803E-14     0.3106E-14     0.1249E-14     0.5840E-15     0.3117E-15     0.1834E-15     0.1159E-15     0.7745E-16     0.5415E-16     0.3932E-16     0.1143E-16     0.4724E-17     0.2343E-17     0.1307E-17     0.7936E-18     0.5146E-18     0.3524E-18     0.2531E-18     0.1460E-18     0.9597E-19     0.6992E-19     0.5559E-19     0.4752E-19     0.4307E-19     0.4068E-19     0.3947E-19     0.3898E-19     0.3874E-19     0.3873E-19     0.3883E-19     0.3877E-19           0.5574E-16
0.2500E+05     0.1178E-13     0.1060E-13     0.7832E-14     0.3181E-14     0.1289E-14     0.6047E-15     0.3231E-15     0.1903E-15     0.1204E-15     0.8058E-16     0.5626E-16     0.4087E-16     0.1195E-16     0.4948E-17     0.2465E-17     0.1380E-17     0.8401E-18     0.5459E-18     0.3744E-18     0.2687E-18     0.1549E-18     0.1015E-18     0.7396E-19     0.5881E-19     0.5051E-19     0.4591E-19     0.4363E-19     0.4248E-19     0.4216E-19     0.4210E-19     0.4222E-19     0.4231E-19     0.4269E-19           0.5711E-16
0.2400E+05     0.1166E-13     0.1053E-13     0.7851E-14     0.3258E-14     0.1332E-14     0.6270E-15     0.3354E-15     0.1977E-15     0.1252E-15     0.8383E-16     0.5857E-16     0.4262E-16     0.1248E-16     0.5195E-17     0.2598E-17     0.1459E-17     0.8904E-18     0.5804E-18     0.3978E-18     0.2857E-18     0.1646E-18     0.1076E-18     0.7826E-19     0.6247E-19     0.5356E-19     0.4925E-19     0.4673E-19     0.4588E-19     0.4582E-19     0.4597E-19     0.4627E-19     0.4632E-19     0.4673E-19           0.5856E-16
0.2300E+05     0.1153E-13     0.1045E-13     0.7863E-14     0.3337E-14     0.1378E-14     0.6511E-15     0.3486E-15     0.2058E-15     0.1304E-15     0.8728E-16     0.6111E-16     0.4450E-16     0.1304E-16     0.5455E-17     0.2741E-17     0.1546E-17     0.9477E-18     0.6187E-18     0.4245E-18     0.3051E-18     0.1754E-18     0.1146E-18     0.8334E-19     0.6645E-19     0.5746E-19     0.5255E-19     0.5049E-19     0.4978E-19     0.4990E-19     0.5030E-19     0.5076E-19     0.5106E-19     0.5124E-19           0.6009E-16
0.2200E+05     0.1144E-13     0.1040E-13     0.7893E-14     0.3422E-14     0.1430E-14     0.6774E-15     0.3634E-15     0.2146E-15     0.1361E-15     0.9125E-16     0.6393E-16     0.4644E-16     0.1366E-16     0.5735E-17     0.2899E-17     0.1643E-17     0.1008E-17     0.6579E-18     0.4523E-18     0.3257E-18     0.1874E-18     0.1221E-18     0.8858E-19     0.7064E-19     0.6127E-19     0.5628E-19     0.5467E-19     0.5431E-19     0.5465E-19     0.5517E-19     0.5601E-19     0.5656E-19     0.5580E-19           0.6180E-16
0.2100E+05     0.1133E-13     0.1033E-13     0.7911E-14     0.3503E-14     0.1483E-14     0.7053E-15     0.3786E-15     0.2238E-15     0.1421E-15     0.9520E-16     0.6685E-16     0.4857E-16     0.1433E-16     0.6045E-17     0.3069E-17     0.1743E-17     0.1076E-17     0.7062E-18     0.4861E-18     0.3491E-18     0.2009E-18     0.1304E-18     0.9465E-19     0.7547E-19     0.6551E-19     0.6096E-19     0.5939E-19     0.5947E-19     0.6002E-19     0.6103E-19     0.6205E-19     0.6270E-19     0.6264E-19           0.6354E-16
0.2000E+05     0.1118E-13     0.1024E-13     0.7915E-14     0.3585E-14     0.1539E-14     0.7343E-15     0.3961E-15     0.2341E-15     0.1488E-15     0.9981E-16     0.7006E-16     0.5083E-16     0.1508E-16     0.6393E-17     0.3255E-17     0.1860E-17     0.1151E-17     0.7562E-18     0.5222E-18     0.3759E-18     0.2161E-18     0.1403E-18     0.1015E-18     0.8100E-19     0.7034E-19     0.6597E-19     0.6461E-19     0.6497E-19     0.6628E-19     0.6766E-19     0.6903E-19     0.7000E-19     0.6900E-19           0.6538E-16
0.1900E+05     0.1107E-13     0.1017E-13     0.7942E-14     0.3679E-14     0.1605E-14     0.7675E-15     0.4140E-15     0.2454E-15     0.1560E-15     0.1048E-15     0.7358E-16     0.5347E-16     0.1590E-16     0.6752E-17     0.3460E-17     0.1985E-17     0.1233E-17     0.8149E-18     0.5643E-18     0.4058E-18     0.2334E-18     0.1511E-18     0.1086E-18     0.8671E-19     0.7595E-19     0.7132E-19     0.7056E-19     0.7158E-19     0.7349E-19     0.7572E-19     0.7732E-19     0.7824E-19     0.8057E-19           0.6750E-16
0.1800E+05     0.1094E-13     0.1009E-13     0.7957E-14     0.3771E-14     0.1670E-14     0.8057E-15     0.4348E-15     0.2578E-15     0.1640E-15     0.1102E-15     0.7747E-16     0.5632E-16     0.1676E-16     0.7152E-17     0.3685E-17     0.2123E-17     0.1326E-17     0.8777E-18     0.6094E-18     0.4406E-18     0.2532E-18     0.1636E-18     0.1172E-18     0.9357E-19     0.8199E-19     0.7762E-19     0.7730E-19     0.7920E-19     0.8191E-19     0.8498E-19     0.8719E-19     0.8877E-19     0.8765E-19           0.6975E-16
0.1700E+05     0.1081E-13     0.1000E-13     0.7972E-14     0.3871E-14     0.1739E-14     0.8451E-15     0.4576E-15     0.2715E-15     0.1730E-15     0.1163E-15     0.8164E-16     0.5948E-16     0.1773E-16     0.7599E-17     0.3932E-17     0.2282E-17     0.1430E-17     0.9508E-18     0.6627E-18     0.4791E-18     0.2762E-18     0.1776E-18     0.1267E-18     0.1007E-18     0.8856E-19     0.8454E-19     0.8507E-19     0.8798E-19     0.9190E-19     0.9581E-19     0.9915E-19     0.1014E-18     0.1027E-18           0.7218E-16
0.1600E+05     0.1063E-13     0.9884E-14     0.7969E-14     0.3978E-14     0.1816E-14     0.8883E-15     0.4827E-15     0.2868E-15     0.1827E-15     0.1231E-15     0.8649E-16     0.6309E-16     0.1880E-16     0.8097E-17     0.4207E-17     0.2452E-17     0.1548E-17     0.1032E-17     0.7228E-18     0.5236E-18     0.3027E-18     0.1945E-18     0.1383E-18     0.1094E-18     0.9623E-19     0.9250E-19     0.9406E-19     0.9843E-19     0.1040E-18     0.1091E-18     0.1132E-18     0.1162E-18     0.1166E-18           0.7485E-16
0.1500E+05     0.1045E-13     0.9755E-14     0.7957E-14     0.4089E-14     0.1903E-14     0.9374E-15     0.5107E-15     0.3038E-15     0.1937E-15     0.1306E-15     0.9178E-16     0.6698E-16     0.2000E-16     0.8644E-17     0.4511E-17     0.2644E-17     0.1676E-17     0.1127E-17     0.7900E-18     0.5765E-18     0.3337E-18     0.2140E-18     0.1509E-18     0.1193E-18     0.1047E-18     0.1014E-18     0.1044E-18     0.1109E-18     0.1181E-18     0.1251E-18     0.1310E-18     0.1350E-18     0.1355E-18           0.7778E-16
0.1400E+05     0.1025E-13     0.9608E-14     0.7929E-14     0.4198E-14     0.1997E-14     0.9925E-15     0.5422E-15     0.3230E-15     0.2062E-15     0.1391E-15     0.9781E-16     0.7135E-16     0.2138E-16     0.9244E-17     0.4854E-17     0.2859E-17     0.1825E-17     0.1232E-17     0.8694E-18     0.6367E-18     0.3704E-18     0.2370E-18     0.1663E-18     0.1303E-18     0.1147E-18     0.1117E-18     0.1165E-18     0.1253E-18     0.1356E-18     0.1455E-18     0.1530E-18     0.1578E-18     0.1593E-18           0.8099E-16
0.1300E+05     0.1004E-13     0.9448E-14     0.7888E-14     0.4308E-14     0.2097E-14     0.1054E-14     0.5781E-15     0.3448E-15     0.2204E-15     0.1487E-15     0.1048E-15     0.7645E-16     0.2293E-16     0.9945E-17     0.5239E-17     0.3100E-17     0.1989E-17     0.1354E-17     0.9603E-18     0.7062E-18     0.4141E-18     0.2653E-18     0.1849E-18     0.1435E-18     0.1259E-18     0.1235E-18     0.1308E-18     0.1431E-18     0.1569E-18     0.1701E-18     0.1812E-18     0.1873E-18     0.1907E-18           0.8455E-16
0.1200E+05     0.9818E-14     0.9280E-14     0.7841E-14     0.4423E-14     0.2205E-14     0.1124E-14     0.6191E-15     0.3698E-15     0.2367E-15     0.1597E-15     0.1127E-15     0.8224E-16     0.2468E-16     0.1074E-16     0.5677E-17     0.3378E-17     0.2182E-17     0.1491E-17     0.1066E-17     0.7884E-18     0.4666E-18     0.2990E-18     0.2076E-18     0.1587E-18     0.1387E-18     0.1370E-18     0.1473E-18     0.1643E-18     0.1837E-18     0.2016E-18     0.2170E-18     0.2264E-18     0.2280E-18           0.8855E-16
0.1100E+05     0.9578E-14     0.9092E-14     0.7775E-14     0.4539E-14     0.2326E-14     0.1203E-14     0.6663E-15     0.3990E-15     0.2554E-15     0.1727E-15     0.1219E-15     0.8905E-16     0.2672E-16     0.1165E-16     0.6182E-17     0.3695E-17     0.2396E-17     0.1649E-17     0.1188E-17     0.8856E-18     0.5303E-18     0.3418E-18     0.2355E-18     0.1779E-18     0.1536E-18     0.1525E-18     0.1670E-18     0.1904E-18     0.2177E-18     0.2431E-18     0.2642E-18     0.2775E-18     0.2809E-18           0.9308E-16
0.1000E+05     0.9317E-14     0.8883E-14     0.7692E-14     0.4654E-14     0.2457E-14     0.1294E-14     0.7217E-15     0.4332E-15     0.2777E-15     0.1879E-15     0.1326E-15     0.9708E-16     0.2921E-16     0.1273E-16     0.6770E-17     0.4061E-17     0.2647E-17     0.1834E-17     0.1330E-17     0.9998E-18     0.6086E-18     0.3953E-18     0.2709E-18     0.2015E-18     0.1713E-18     0.1701E-18     0.1900E-18     0.2231E-18     0.2614E-18     0.2981E-18     0.3291E-18     0.3488E-18     0.3559E-18           0.9827E-16
0.9000E+04     0.9035E-14     0.8650E-14     0.7586E-14     0.4764E-14     0.2602E-14     0.1399E-14     0.7869E-15     0.4739E-15     0.3042E-15     0.2059E-15     0.1455E-15     0.1066E-15     0.3216E-16     0.1402E-16     0.7472E-17     0.4497E-17     0.2945E-17     0.2050E-17     0.1499E-17     0.1135E-17     0.7041E-18     0.4644E-18     0.3182E-18     0.2323E-18     0.1925E-18     0.1903E-18     0.2168E-18     0.2630E-18     0.3181E-18     0.3725E-18     0.4181E-18     0.4484E-18     0.4606E-18           0.1043E-15
0.8000E+04     0.8731E-14     0.8395E-14     0.7454E-14     0.4869E-14     0.2760E-14     0.1521E-14     0.8656E-15     0.5236E-15     0.3364E-15     0.2280E-15     0.1613E-15     0.1182E-15     0.3573E-16     0.1560E-16     0.8330E-17     0.5019E-17     0.3291E-17     0.2302E-17     0.1694E-17     0.1296E-17     0.8216E-18     0.5535E-18     0.3816E-18     0.2739E-18     0.2192E-18     0.2128E-18     0.2477E-18     0.3127E-18     0.3946E-18     0.4779E-18     0.5489E-18     0.5963E-18     0.6150E-18           0.1113E-15
0.7000E+04     0.8391E-14     0.8103E-14     0.7287E-14     0.4960E-14     0.2932E-14     0.1663E-14     0.9614E-15     0.5850E-15     0.3767E-15     0.2554E-15     0.1809E-15     0.1326E-15     0.4028E-16     0.1761E-16     0.9406E-17     0.5678E-17     0.3728E-17     0.2610E-17     0.1925E-17     0.1485E-17     0.9655E-18     0.6698E-18     0.4717E-18     0.3342E-18     0.2553E-18     0.2380E-18     0.2811E-18     0.3740E-18     0.4988E-18     0.6309E-18     0.7469E-18     0.8258E-18     0.8540E-18           0.1198E-15
0.6000E+04     0.8012E-14     0.7771E-14     0.7080E-14     0.5028E-14     0.3114E-14     0.1830E-14     0.1081E-14     0.6631E-15     0.4283E-15     0.2906E-15     0.2059E-15     0.1511E-15     0.4615E-16     0.2019E-16     0.1081E-16     0.6525E-17     0.4286E-17     0.2997E-17     0.2211E-17     0.1710E-17     0.1138E-17     0.8212E-18     0.5993E-18     0.4274E-18     0.3096E-18     0.2672E-18     0.3136E-18     0.4460E-18     0.6421E-18     0.8637E-18     0.1066E-17     0.1207E-17     0.1257E-17           0.1301E-15
0.5000E+04     0.7583E-14     0.7387E-14     0.6821E-14     0.5066E-14     0.3303E-14     0.2027E-14     0.1232E-14     0.7669E-15     0.4976E-15     0.3379E-15     0.2393E-15     0.1758E-15     0.5391E-16     0.2368E-16     0.1270E-16     0.7693E-17     0.5055E-17     0.3522E-17     0.2586E-17     0.1991E-17     0.1336E-17     0.1010E-17     0.7833E-18     0.5811E-18     0.4059E-18     0.3072E-18     0.3354E-18     0.5186E-18     0.8378E-18     0.1234E-17     0.1618E-17     0.1894E-17     0.1991E-17           0.1433E-15
0.4000E+04     0.7077E-14     0.6927E-14     0.6485E-14     0.5054E-14     0.3494E-14     0.2259E-14     0.1426E-14     0.9083E-15     0.5951E-15     0.4052E-15     0.2869E-15     0.2106E-15     0.6487E-16     0.2856E-16     0.1539E-16     0.9377E-17     0.6187E-17     0.4311E-17     0.3145E-17     0.2384E-17     0.1564E-17     0.1216E-17     0.1031E-17     0.8415E-18     0.6069E-18     0.3937E-18     0.3340E-18     0.5495E-18     0.1081E-17     0.1849E-17     0.2663E-17     0.3285E-17     0.3506E-17           0.1610E-15
0.3000E+04     0.6429E-14     0.6323E-14     0.6005E-14     0.4930E-14     0.3650E-14     0.2522E-14     0.1682E-14     0.1112E-14     0.7440E-15     0.5104E-15     0.3618E-15     0.2648E-15     0.8163E-16     0.3612E-16     0.1943E-16     0.1190E-16     0.7942E-17     0.5605E-17     0.4111E-17     0.3097E-17     0.1900E-17     0.1394E-17     0.1268E-17     0.1240E-17     0.1068E-17     0.7006E-18     0.3527E-18     0.4231E-18     0.1256E-17     0.2869E-17     0.4860E-17     0.6503E-17     0.7111E-17           0.1862E-15
0.2000E+04     0.5567E-14     0.5502E-14     0.5307E-14     0.4608E-14     0.3692E-14     0.2778E-14     0.2004E-14     0.1412E-14     0.9875E-15     0.6950E-15     0.4978E-15     0.3649E-15     0.1115E-15     0.4990E-16     0.2675E-16     0.1618E-16     0.1073E-16     0.7668E-17     0.5799E-17     0.4557E-17     0.2893E-17     0.1757E-17     0.1222E-17     0.1409E-17     0.1916E-17     0.1947E-17     0.1116E-17     0.1769E-18     0.7739E-18     0.4131E-17     0.9690E-17     0.1499E-16     0.1713E-16           0.2267E-15
0.1000E+04     0.4277E-14     0.4250E-14     0.4165E-14     0.3847E-14     0.3384E-14     0.2848E-14     0.2311E-14     0.1821E-14     0.1405E-14     0.1068E-14     0.8067E-15     0.6093E-15     0.1791E-15     0.7936E-16     0.4509E-16     0.2894E-16     0.1971E-16     0.1347E-16     0.8946E-17     0.5995E-17     0.4299E-17     0.5197E-17     0.4132E-17     0.1106E-17     0.4890E-18     0.4146E-17     0.7721E-17     0.6132E-17     0.1404E-17     0.2167E-17     0.1354E-16     0.2939E-16     0.3688E-16           0.3100E-15
0.8000E+03     0.3931E-14     0.3910E-14     0.3846E-14     0.3603E-14     0.3239E-14     0.2803E-14     0.2349E-14     0.1913E-14     0.1524E-14     0.1195E-14     0.9266E-15     0.7147E-15     0.2117E-15     0.8807E-16     0.4902E-16     0.3290E-16     0.2443E-16     0.1813E-16     0.1238E-16     0.7448E-17     0.3170E-17     0.5775E-17     0.7343E-17     0.3565E-17     0.8136E-19     0.3252E-17     0.9699E-17     0.1038E-16     0.4068E-17     0.9921E-18     0.1033E-16     0.2698E-16     0.3536E-16           0.3424E-15
0.6000E+03     0.3562E-14     0.3548E-14     0.3503E-14     0.3330E-14     0.3064E-14     0.2736E-14     0.2377E-14     0.2016E-14     0.1675E-14     0.1368E-14     0.1103E-14     0.8811E-15     0.2803E-15     0.1052E-15     0.5100E-16     0.3339E-16     0.2844E-16     0.2572E-16     0.2091E-16     0.1385E-16     0.2213E-17     0.4063E-17     0.1144E-16     0.1022E-16     0.2571E-17     0.1423E-17     0.9128E-17     0.1380E-16     0.7847E-17     0.4487E-18     0.5203E-17     0.2010E-16     0.2838E-16           0.3931E-15
0.4000E+03     0.3202E-14     0.3193E-14     0.3164E-14     0.3058E-14     0.2890E-14     0.2675E-14     0.2428E-14     0.2164E-14     0.1897E-14     0.1640E-14     0.1401E-14     0.1185E-14     0.4702E-15     0.1785E-15     0.6615E-16     0.2745E-16     0.2282E-16     0.3032E-16     0.3592E-16     0.3346E-16     0.1172E-16     0.1404E-18     0.1015E-16     0.1860E-16     0.1143E-16     0.1543E-17     0.2748E-17     0.8600E-17     0.6771E-17     0.1116E-17     0.5516E-17     0.2028E-16     0.2871E-16           0.4950E-15
0.3500E+03     0.3123E-14     0.3115E-14     0.3093E-14     0.3002E-14     0.2859E-14     0.2671E-14     0.2453E-14     0.2217E-14     0.1974E-14     0.1737E-14     0.1511E-14     0.1300E-14     0.5625E-15     0.2255E-15     0.8275E-16     0.2848E-16     0.1885E-16     0.2824E-16     0.3862E-16     0.4037E-16     0.1900E-16     0.7307E-18     0.7332E-17     0.1803E-16     0.1338E-16     0.2537E-17     0.9524E-18     0.5434E-17     0.4600E-17     0.1168E-17     0.7783E-17     0.2414E-16     0.3319E-16           0.5396E-15
0.3000E+03     0.3057E-14     0.3051E-14     0.3032E-14     0.2956E-14     0.2835E-14     0.2677E-14     0.2489E-14     0.2283E-14     0.2067E-14     0.1849E-14     0.1639E-14     0.1439E-14     0.6851E-15     0.2963E-15     0.1135E-15     0.3551E-16     0.1537E-16     0.2384E-16     0.3876E-16     0.4626E-16     0.2894E-16     0.3700E-17     0.3576E-17     0.1450E-16     0.1339E-16     0.3686E-17     0.1868E-18     0.2762E-17     0.2228E-17     0.9649E-18     0.1014E-16     0.2827E-16     0.3807E-16           0.5986E-15
0.2500E+03     0.3000E-14     0.2996E-14     0.2979E-14     0.2918E-14     0.2820E-14     0.2689E-14     0.2532E-14     0.2356E-14     0.2168E-14     0.1976E-14     0.1785E-14     0.1600E-14     0.8436E-15     0.3996E-15     0.1669E-15     0.5514E-16     0.1615E-16     0.1785E-16     0.3466E-16     0.4815E-16     0.4001E-16     0.1034E-16     0.4681E-18     0.7790E-17     0.9988E-17     0.4192E-17     0.1232E-17     0.2355E-17     0.1164E-17     0.5816E-18     0.1054E-16     0.2884E-16     0.3841E-16           0.6775E-15
0.2000E+03     0.2923E-14     0.2918E-14     0.2906E-14     0.2859E-14     0.2783E-14     0.2680E-14     0.2553E-14     0.2411E-14     0.2255E-14     0.2092E-14     0.1925E-14     0.1760E-14     0.1028E-14     0.5382E-15     0.2513E-15     0.9761E-16     0.2985E-16     0.1517E-16     0.2639E-16     0.4241E-16     0.4718E-16     0.2088E-16     0.2226E-17     0.1348E-17     0.3609E-17     0.2794E-17     0.3540E-17     0.5358E-17     0.3301E-17     0.6153E-18     0.6469E-17     0.1988E-16     0.2718E-16           0.7809E-15
0.1500E+03     0.2705E-14     0.2702E-14     0.2695E-14     0.2660E-14     0.2605E-14     0.2531E-14     0.2438E-14     0.2331E-14     0.2211E-14     0.2085E-14     0.1952E-14     0.1816E-14     0.1170E-14     0.6792E-15     0.3607E-15     0.1725E-15     0.7317E-16     0.3178E-16     0.2405E-16     0.3085E-16     0.4190E-16     0.3096E-16     0.1530E-16     0.6724E-17     0.2210E-17     0.1986E-18     0.2856E-17     0.7201E-17     0.6919E-17     0.2352E-17     0.3243E-18     0.3293E-17     0.5708E-17           0.9031E-15
0.1000E+03     0.2031E-14     0.2030E-14     0.2025E-14     0.2006E-14     0.1974E-14     0.1933E-14     0.1879E-14     0.1818E-14     0.1748E-14     0.1672E-14     0.1590E-14     0.1505E-14     0.1069E-14     0.6986E-15     0.4339E-15     0.2627E-15     0.1576E-15     0.9509E-16     0.5935E-16     0.4013E-16     0.2748E-16     0.2894E-16     0.3273E-16     0.3133E-16     0.2205E-16     0.9839E-17     0.2030E-17     0.7827E-18     0.2800E-17     0.5055E-17     0.7420E-17     0.1005E-16     0.1125E-16           0.9987E-15
0.5000E+02     0.8668E-15     0.8664E-15     0.8649E-15     0.8592E-15     0.8500E-15     0.8370E-15     0.8208E-15     0.8015E-15     0.7793E-15     0.7547E-15     0.7280E-15     0.6994E-15     0.5428E-15     0.3926E-15     0.2751E-15     0.1974E-15     0.1527E-15     0.1287E-15     0.1136E-15     0.9969E-16     0.6457E-16     0.2805E-16     0.1140E-16     0.2274E-16     0.4858E-16     0.6420E-16     0.5491E-16     0.2829E-16     0.8950E-17     0.1842E-16     0.5696E-16     0.1007E-15     0.1194E-15           0.9589E-15
0.4500E+02     0.7116E-15     0.7113E-15     0.7101E-15     0.7055E-15     0.6977E-15     0.6871E-15     0.6739E-15     0.6579E-15     0.6397E-15     0.6194E-15     0.5974E-15     0.5738E-15     0.4444E-15     0.3199E-15     0.2237E-15     0.1628E-15     0.1317E-15     0.1187E-15     0.1121E-15     0.1039E-15     0.7194E-16     0.3064E-16     0.8656E-17     0.1885E-16     0.4720E-16     0.6539E-16     0.5643E-16     0.2911E-16     0.1148E-16     0.2738E-16     0.7598E-16     0.1289E-15     0.1514E-15           0.9070E-15
0.4000E+02     0.5400E-15     0.5397E-15     0.5388E-15     0.5352E-15     0.5292E-15     0.5212E-15     0.5109E-15     0.4985E-15     0.4845E-15     0.4688E-15     0.4518E-15     0.4336E-15     0.3334E-15     0.2380E-15     0.1660E-15     0.1239E-15     0.1070E-15     0.1048E-15     0.1063E-15     0.1035E-15     0.7538E-16     0.3203E-16     0.6588E-17     0.1518E-16     0.4320E-16     0.6142E-16     0.5219E-16     0.2638E-16     0.1402E-16     0.3964E-16     0.9930E-16     0.1618E-15     0.1888E-15           0.8231E-15
0.3500E+02     0.3637E-15     0.3634E-15     0.3628E-15     0.3603E-15     0.3562E-15     0.3506E-15     0.3434E-15     0.3348E-15     0.3251E-15     0.3142E-15     0.3023E-15     0.2896E-15     0.2204E-15     0.1554E-15     0.1088E-15     0.8527E-16     0.8088E-16     0.8692E-16     0.9399E-16     0.9511E-16     0.7140E-16     0.3026E-16     0.5097E-17     0.1200E-16     0.3659E-16     0.5134E-16     0.4169E-16     0.2006E-16     0.1670E-16     0.5350E-16     0.1243E-15     0.1937E-15     0.2222E-15           0.7031E-15
0.3000E+02     0.2073E-15     0.2073E-15     0.2068E-15     0.2053E-15     0.2030E-15     0.1995E-15     0.1952E-15     0.1901E-15     0.1843E-15     0.1777E-15     0.1707E-15     0.1631E-15     0.1225E-15     0.8555E-16     0.6129E-16     0.5242E-16     0.5598E-16     0.6552E-16     0.7405E-16     0.7639E-16     0.5769E-16     0.2405E-16     0.3893E-17     0.9717E-17     0.2824E-16     0.3703E-16     0.2692E-16     0.1197E-16     0.1955E-16     0.6673E-16     0.1441E-15     0.2159E-15     0.2447E-15           0.5550E-15
0.2500E+02     0.9624E-16     0.9618E-16     0.9600E-16     0.9527E-16     0.9408E-16     0.9242E-16     0.9037E-16     0.8789E-16     0.8509E-16     0.8196E-16     0.7859E-16     0.7499E-16     0.5582E-16     0.3926E-16     0.2984E-16     0.2877E-16     0.3406E-16     0.4186E-16     0.4797E-16     0.4939E-16     0.3615E-16     0.1423E-16     0.3026E-17     0.8734E-17     0.2043E-16     0.2261E-16     0.1270E-16     0.5467E-17     0.2296E-16     0.7613E-16     0.1524E-15     0.2213E-15     0.2495E-15           0.4035E-15
0.2000E+02     0.3791E-16     0.3789E-16     0.3782E-16     0.3755E-16     0.3709E-16     0.3647E-16     0.3568E-16     0.3476E-16     0.3369E-16     0.3251E-16     0.3124E-16     0.2988E-16     0.2274E-16     0.1672E-16     0.1359E-16     0.1371E-16     0.1618E-16     0.1931E-16     0.2137E-16     0.2115E-16     0.1391E-16     0.5007E-17     0.3609E-17     0.9778E-17     0.1533E-16     0.1253E-16     0.3899E-17     0.3454E-17     0.2696E-16     0.7979E-16     0.1491E-15     0.2079E-15     0.2305E-15           0.2835E-15
0.1500E+02     0.1903E-16     0.1903E-16     0.1900E-16     0.1891E-16     0.1874E-16     0.1854E-16     0.1827E-16     0.1794E-16     0.1757E-16     0.1715E-16     0.1669E-16     0.1619E-16     0.1342E-16     0.1065E-16     0.8378E-17     0.6813E-17     0.5832E-17     0.5145E-17     0.4465E-17     0.3667E-17     0.2355E-17     0.3771E-17     0.8941E-17     0.1430E-16     0.1461E-16     0.8501E-17     0.1825E-17     0.6174E-17     0.3169E-16     0.7879E-16     0.1360E-15     0.1837E-15     0.2024E-15           0.2363E-15
0.1000E+02     0.2920E-16     0.2918E-16     0.2918E-16     0.2914E-16     0.2906E-16     0.2896E-16     0.2884E-16     0.2869E-16     0.2851E-16     0.2830E-16     0.2808E-16     0.2783E-16     0.2630E-16     0.2446E-16     0.2253E-16     0.2070E-16     0.1919E-16     0.1813E-16     0.1764E-16     0.1782E-16     0.2018E-16     0.2434E-16     0.2774E-16     0.2678E-16     0.1970E-16     0.9380E-17     0.3112E-17     0.9399E-17     0.3360E-16     0.7369E-16     0.1189E-15     0.1542E-15     0.1675E-15           0.3407E-15
0.5000E+01     0.1054E-15     0.1054E-15     0.1054E-15     0.1054E-15     0.1054E-15     0.1054E-15     0.1054E-15     0.1055E-15     0.1055E-15     0.1055E-15     0.1056E-15     0.1057E-15     0.1060E-15     0.1066E-15     0.1074E-15     0.1084E-15     0.1096E-15     0.1109E-15     0.1121E-15     0.1129E-15     0.1124E-15     0.1066E-15     0.9317E-16     0.7185E-16     0.4578E-16     0.2131E-16     0.6299E-17     0.7140E-17     0.2568E-16     0.5763E-16     0.9345E-16     0.1214E-15     0.1319E-15           0.8842E-15