0.1            0.5           1.0           2.0           3.0           4.0           5.0           6.0           7.0           8.0           9.0          10.0          15.0          20.0          25.0          30.0          35.0          40.0          45.0          50.0          60.0          70.0          80.0          90.0         100.0         110.0         120.0         130.0         140.0         150.0         160.0         170.0         180.0
0.3000E+05     0.4817E-15     0.4308E-15     0.3094E-15     0.1085E-15     0.3892E-16     0.1654E-16     0.8094E-17     0.4384E-17     0.2620E-17     0.1619E-17     0.1069E-17     0.7423E-18     0.1634E-18     0.5538E-19     0.2347E-19     0.1160E-19     0.6502E-20     0.3895E-20     0.2454E-20     0.1695E-20     0.8500E-21     0.4896E-21     0.3139E-21     0.2024E-21     0.1551E-21     0.1139E-21     0.8856E-22     0.7425E-22     0.6089E-22     0.5510E-22     0.5224E-22     0.5431E-22     0.3704E-22           0.1718E-17
0.2900E+05     0.4836E-15     0.4338E-15     0.3143E-15     0.1124E-15     0.4066E-16     0.1734E-16     0.8564E-17     0.4641E-17     0.2721E-17     0.1742E-17     0.1135E-17     0.7774E-18     0.1737E-18     0.5845E-19     0.2519E-19     0.1245E-19     0.6912E-20     0.4156E-20     0.2680E-20     0.1785E-20     0.9247E-21     0.5227E-21     0.3297E-21     0.2259E-21     0.1637E-21     0.1248E-21     0.9581E-22     0.8081E-22     0.6913E-22     0.6232E-22     0.5687E-22     0.5476E-22     0.4126E-22           0.1776E-17
0.2800E+05     0.4833E-15     0.4353E-15     0.3187E-15     0.1166E-15     0.4262E-16     0.1830E-16     0.8990E-17     0.4970E-17     0.2909E-17     0.1831E-17     0.1196E-17     0.8389E-18     0.1864E-18     0.6223E-19     0.2678E-19     0.1343E-19     0.7386E-20     0.4392E-20     0.2839E-20     0.1946E-20     0.9693E-21     0.5698E-21     0.3525E-21     0.2407E-21     0.1731E-21     0.1325E-21     0.1058E-21     0.8425E-22     0.7888E-22     0.6727E-22     0.5913E-22     0.5996E-22     0.5121E-22           0.1838E-17
0.2700E+05     0.4800E-15     0.4338E-15     0.3209E-15     0.1207E-15     0.4460E-16     0.1934E-16     0.9500E-17     0.5237E-17     0.3087E-17     0.1943E-17     0.1279E-17     0.8876E-18     0.2000E-18     0.6618E-19     0.2862E-19     0.1433E-19     0.7950E-20     0.4726E-20     0.3030E-20     0.2065E-20     0.1033E-20     0.6112E-21     0.3813E-21     0.2638E-21     0.1894E-21     0.1433E-21     0.1103E-21     0.8926E-22     0.8446E-22     0.7389E-22     0.7006E-22     0.6078E-22     0.5605E-22           0.1897E-17
0.2600E+05     0.4791E-15     0.4342E-15     0.3240E-15     0.1251E-15     0.4684E-16     0.2043E-16     0.1012E-16     0.5541E-17     0.3287E-17     0.2104E-17     0.1361E-17     0.9438E-18     0.2138E-18     0.7131E-19     0.3088E-19     0.1545E-19     0.8477E-20     0.5085E-20     0.3263E-20     0.2229E-20     0.1118E-20     0.6570E-21     0.4162E-21     0.2741E-21     0.2032E-21     0.1514E-21     0.1233E-21     0.1004E-21     0.8600E-22     0.7636E-22     0.7489E-22     0.6925E-22     0.5046E-22           0.1965E-17
0.2500E+05     0.4809E-15     0.4374E-15     0.3294E-15     0.1301E-15     0.4930E-16     0.2164E-16     0.1072E-16     0.5980E-17     0.3489E-17     0.2217E-17     0.1467E-17     0.1020E-17     0.2299E-18     0.7750E-19     0.3301E-19     0.1643E-19     0.9162E-20     0.5549E-20     0.3539E-20     0.2407E-20     0.1220E-20     0.7111E-21     0.4430E-21     0.2994E-21     0.2204E-21     0.1655E-21     0.1326E-21     0.1123E-21     0.9175E-22     0.8498E-22     0.7948E-22     0.7593E-22     0.6672E-22           0.2044E-17
0.2400E+05     0.4805E-15     0.4384E-15     0.3334E-15     0.1351E-15     0.5191E-16     0.2298E-16     0.1137E-16     0.6314E-17     0.3747E-17     0.2386E-17     0.1572E-17     0.1091E-17     0.2480E-18     0.8319E-19     0.3558E-19     0.1780E-19     0.9896E-20     0.6029E-20     0.3847E-20     0.2592E-20     0.1322E-20     0.7702E-21     0.4809E-21     0.3276E-21     0.2350E-21     0.1827E-21     0.1474E-21     0.1224E-21     0.9945E-22     0.9333E-22     0.8737E-22     0.8297E-22     0.9563E-22           0.2124E-17
0.2300E+05     0.4797E-15     0.4389E-15     0.3366E-15     0.1404E-15     0.5486E-16     0.2440E-16     0.1224E-16     0.6766E-17     0.4010E-17     0.2586E-17     0.1694E-17     0.1170E-17     0.2696E-18     0.9047E-19     0.3867E-19     0.1922E-19     0.1074E-19     0.6505E-20     0.4196E-20     0.2818E-20     0.1445E-20     0.8386E-21     0.5309E-21     0.3594E-21     0.2624E-21     0.1958E-21     0.1543E-21     0.1341E-21     0.1101E-21     0.9846E-22     0.9066E-22     0.9060E-22     0.1015E-21           0.2211E-17
0.2200E+05     0.4875E-15     0.4471E-15     0.3452E-15     0.1470E-15     0.5844E-16     0.2611E-16     0.1313E-16     0.7431E-17     0.4333E-17     0.2729E-17     0.1810E-17     0.1266E-17     0.2917E-18     0.9916E-19     0.4251E-19     0.2088E-19     0.1153E-19     0.7117E-20     0.4548E-20     0.3134E-20     0.1593E-20     0.9227E-21     0.5741E-21     0.3928E-21     0.2754E-21     0.2126E-21     0.1791E-21     0.1395E-21     0.1207E-21     0.1062E-21     0.1146E-21     0.1000E-21     0.7538E-22           0.2324E-17
0.2100E+05     0.4946E-15     0.4529E-15     0.3491E-15     0.1520E-15     0.6188E-16     0.2793E-16     0.1408E-16     0.7632E-17     0.4735E-17     0.2981E-17     0.1974E-17     0.1363E-17     0.3143E-18     0.1092E-18     0.4614E-19     0.2277E-19     0.1291E-19     0.7800E-20     0.4942E-20     0.3376E-20     0.1742E-20     0.1010E-20     0.6062E-21     0.4354E-21     0.3108E-21     0.2381E-21     0.1825E-21     0.1558E-21     0.1325E-21     0.1220E-21     0.1172E-21     0.8640E-22     0.1770E-21           0.2421E-17
0.2000E+05     0.4958E-15     0.4547E-15     0.3525E-15     0.1569E-15     0.6519E-16     0.2936E-16     0.1540E-16     0.8463E-17     0.5013E-17     0.3215E-17     0.2149E-17     0.1502E-17     0.3428E-18     0.1173E-18     0.5072E-19     0.2525E-19     0.1408E-19     0.8591E-20     0.5470E-20     0.3653E-20     0.1909E-20     0.1073E-20     0.6907E-21     0.4773E-21     0.3495E-21     0.2511E-21     0.2086E-21     0.1710E-21     0.1528E-21     0.1226E-21     0.1300E-21     0.1230E-21     0.1909E-21           0.2525E-17
0.1900E+05     0.5052E-15     0.4645E-15     0.3627E-15     0.1646E-15     0.7031E-16     0.3163E-16     0.1618E-16     0.9235E-17     0.5526E-17     0.3515E-17     0.2337E-17     0.1631E-17     0.3773E-18     0.1291E-18     0.5583E-19     0.2836E-19     0.1552E-19     0.9302E-20     0.6044E-20     0.4125E-20     0.2080E-20     0.1252E-20     0.7562E-21     0.5309E-21     0.3749E-21     0.2792E-21     0.2283E-21     0.2074E-21     0.1789E-21     0.1600E-21     0.1364E-21     0.1397E-21     0.1251E-21           0.2670E-17
0.1800E+05     0.5112E-15     0.4715E-15     0.3709E-15     0.1712E-15     0.7483E-16     0.3488E-16     0.1764E-16     0.9921E-17     0.5989E-17     0.3859E-17     0.2548E-17     0.1792E-17     0.4219E-18     0.1439E-18     0.6178E-19     0.3076E-19     0.1713E-19     0.1051E-19     0.6794E-20     0.4494E-20     0.2343E-20     0.1338E-20     0.8755E-21     0.5768E-21     0.4313E-21     0.3231E-21     0.2556E-21     0.2086E-21     0.1831E-21     0.1651E-21     0.1468E-21     0.1373E-21     0.1237E-21           0.2822E-17
0.1700E+05     0.5167E-15     0.4784E-15     0.3803E-15     0.1792E-15     0.7876E-16     0.3746E-16     0.1939E-16     0.1093E-16     0.6540E-17     0.4244E-17     0.2842E-17     0.1983E-17     0.4667E-18     0.1599E-18     0.6928E-19     0.3446E-19     0.1924E-19     0.1169E-19     0.7487E-20     0.5098E-20     0.2633E-20     0.1517E-20     0.9542E-21     0.6514E-21     0.4848E-21     0.3595E-21     0.2863E-21     0.2325E-21     0.2059E-21     0.1824E-21     0.1697E-21     0.1685E-21     0.1419E-21           0.2985E-17
0.1600E+05     0.5179E-15     0.4815E-15     0.3874E-15     0.1888E-15     0.8424E-16     0.4032E-16     0.2110E-16     0.1205E-16     0.7284E-17     0.4691E-17     0.3103E-17     0.2176E-17     0.5173E-18     0.1791E-18     0.7765E-19     0.3913E-19     0.2170E-19     0.1309E-19     0.8443E-20     0.5699E-20     0.2964E-20     0.1727E-20     0.1083E-20     0.7365E-21     0.5403E-21     0.4111E-21     0.3321E-21     0.2681E-21     0.2326E-21     0.2122E-21     0.1897E-21     0.1807E-21     0.2016E-21           0.3167E-17
0.1500E+05     0.5183E-15     0.4840E-15     0.3944E-15     0.1992E-15     0.9105E-16     0.4395E-16     0.2310E-16     0.1329E-16     0.8027E-17     0.5200E-17     0.3489E-17     0.2434E-17     0.5801E-18     0.2001E-18     0.8779E-19     0.4418E-19     0.2465E-19     0.1503E-19     0.9678E-20     0.6540E-20     0.3339E-20     0.1939E-20     0.1238E-20     0.8433E-21     0.6136E-21     0.4630E-21     0.3718E-21     0.3149E-21     0.2657E-21     0.2313E-21     0.2259E-21     0.2095E-21     0.2274E-21           0.3379E-17
0.1400E+05     0.5164E-15     0.4842E-15     0.3995E-15     0.2089E-15     0.9825E-16     0.4833E-16     0.2551E-16     0.1475E-16     0.8959E-17     0.5802E-17     0.3946E-17     0.2739E-17     0.6528E-18     0.2283E-18     0.9873E-19     0.5006E-19     0.2797E-19     0.1700E-19     0.1098E-19     0.7405E-20     0.3826E-20     0.2216E-20     0.1424E-20     0.9676E-21     0.6959E-21     0.5397E-21     0.4256E-21     0.3503E-21     0.3070E-21     0.2796E-21     0.2498E-21     0.2361E-21     0.2326E-21           0.3609E-17
0.1300E+05     0.5142E-15     0.4842E-15     0.4046E-15     0.2192E-15     0.1060E-15     0.5324E-16     0.2836E-16     0.1648E-16     0.1013E-16     0.6552E-17     0.4445E-17     0.3075E-17     0.7450E-18     0.2626E-18     0.1142E-18     0.5798E-19     0.3275E-19     0.1977E-19     0.1274E-19     0.8650E-20     0.4451E-20     0.2580E-20     0.1627E-20     0.1120E-20     0.8178E-21     0.6217E-21     0.5048E-21     0.4143E-21     0.3548E-21     0.3142E-21     0.2967E-21     0.2777E-21     0.2632E-21           0.3871E-17
0.1200E+05     0.5130E-15     0.4854E-15     0.4108E-15     0.2310E-15     0.1148E-15     0.5887E-16     0.3184E-16     0.1855E-16     0.1147E-16     0.7420E-17     0.5054E-17     0.3522E-17     0.8634E-18     0.3051E-18     0.1335E-18     0.6743E-19     0.3774E-19     0.2287E-19     0.1485E-19     0.1014E-19     0.5215E-20     0.3024E-20     0.1922E-20     0.1324E-20     0.9532E-21     0.7278E-21     0.5832E-21     0.4881E-21     0.4165E-21     0.3732E-21     0.3467E-21     0.3303E-21     0.3285E-21           0.4182E-17
0.1100E+05     0.5107E-15     0.4855E-15     0.4166E-15     0.2437E-15     0.1250E-15     0.6537E-16     0.3586E-16     0.2104E-16     0.1315E-16     0.8527E-17     0.5807E-17     0.4087E-17     0.1011E-17     0.3564E-18     0.1563E-18     0.7966E-19     0.4494E-19     0.2729E-19     0.1751E-19     0.1192E-19     0.6203E-20     0.3576E-20     0.2301E-20     0.1563E-20     0.1139E-20     0.8689E-21     0.6997E-21     0.5741E-21     0.5018E-21     0.4517E-21     0.4205E-21     0.3870E-21     0.3928E-21           0.4546E-17
0.1000E+05     0.5086E-15     0.4857E-15     0.4222E-15     0.2571E-15     0.1367E-15     0.7323E-16     0.4092E-16     0.2416E-16     0.1518E-16     0.9921E-17     0.6766E-17     0.4799E-17     0.1187E-17     0.4229E-18     0.1873E-18     0.9521E-19     0.5362E-19     0.3284E-19     0.2125E-19     0.1440E-19     0.7474E-20     0.4341E-20     0.2775E-20     0.1903E-20     0.1378E-20     0.1058E-20     0.8412E-21     0.7062E-21     0.6065E-21     0.5432E-21     0.5040E-21     0.4788E-21     0.4758E-21           0.4979E-17
0.9000E+04     0.5060E-15     0.4854E-15     0.4277E-15     0.2718E-15     0.1503E-15     0.8254E-16     0.4699E-16     0.2803E-16     0.1775E-16     0.1171E-16     0.7987E-17     0.5684E-17     0.1422E-17     0.5158E-18     0.2270E-18     0.1161E-18     0.6597E-19     0.4004E-19     0.2602E-19     0.1773E-19     0.9227E-20     0.5347E-20     0.3424E-20     0.2349E-20     0.1713E-20     0.1302E-20     0.1045E-20     0.8715E-21     0.7562E-21     0.6709E-21     0.6227E-21     0.5926E-21     0.5871E-21           0.5506E-17
0.8000E+04     0.5045E-15     0.4860E-15     0.4341E-15     0.2881E-15     0.1661E-15     0.9393E-16     0.5471E-16     0.3312E-16     0.2113E-16     0.1408E-16     0.9648E-17     0.6852E-17     0.1751E-17     0.6347E-18     0.2827E-18     0.1454E-18     0.8236E-19     0.5051E-19     0.3263E-19     0.2231E-19     0.1164E-19     0.6791E-20     0.4336E-20     0.2972E-20     0.2165E-20     0.1657E-20     0.1326E-20     0.1108E-20     0.9596E-21     0.8592E-21     0.7939E-21     0.7587E-21     0.7481E-21           0.6172E-17
0.7000E+04     0.5024E-15     0.4861E-15     0.4398E-15     0.3048E-15     0.1843E-15     0.1080E-15     0.6452E-16     0.3977E-16     0.2560E-16     0.1721E-16     0.1190E-16     0.8470E-17     0.2201E-17     0.8038E-18     0.3628E-18     0.1862E-18     0.1063E-18     0.6500E-19     0.4251E-19     0.2890E-19     0.1508E-19     0.8844E-20     0.5652E-20     0.3892E-20     0.2833E-20     0.2174E-20     0.1743E-20     0.1454E-20     0.1260E-20     0.1128E-20     0.1043E-20     0.9958E-21     0.9764E-21           0.7013E-17
0.6000E+04     0.5019E-15     0.4876E-15     0.4465E-15     0.3228E-15     0.2058E-15     0.1259E-15     0.7735E-16     0.4863E-16     0.3176E-16     0.2159E-16     0.1506E-16     0.1078E-16     0.2854E-17     0.1053E-17     0.4796E-18     0.2484E-18     0.1422E-18     0.8756E-19     0.5717E-19     0.3916E-19     0.2047E-19     0.1203E-19     0.7709E-20     0.5303E-20     0.3871E-20     0.2975E-20     0.2387E-20     0.1991E-20     0.1725E-20     0.1548E-20     0.1428E-20     0.1364E-20     0.1358E-20           0.8130E-17
0.5000E+04     0.5028E-15     0.4906E-15     0.4551E-15     0.3440E-15     0.2311E-15     0.1482E-15     0.9485E-16     0.6150E-16     0.4072E-16     0.2793E-16     0.1980E-16     0.1433E-16     0.3837E-17     0.1451E-17     0.6663E-18     0.3470E-18     0.2004E-18     0.1237E-18     0.8093E-19     0.5580E-19     0.2929E-19     0.1730E-19     0.1110E-19     0.7653E-20     0.5605E-20     0.4313E-20     0.3464E-20     0.2890E-20     0.2508E-20     0.2249E-20     0.2085E-20     0.1995E-20     0.1943E-20           0.9695E-17
0.4000E+04     0.5048E-15     0.4946E-15     0.4651E-15     0.3689E-15     0.2627E-15     0.1773E-15     0.1183E-15     0.7944E-16     0.5417E-16     0.3780E-16     0.2712E-16     0.1991E-16     0.5535E-17     0.2117E-17     0.9858E-18     0.5222E-18     0.3027E-18     0.1885E-18     0.1241E-18     0.8576E-19     0.4539E-19     0.2690E-19     0.1736E-19     0.1203E-19     0.8808E-20     0.6800E-20     0.5444E-20     0.4594E-20     0.3952E-20     0.3562E-20     0.3304E-20     0.3155E-20     0.3166E-20           0.1201E-16
0.3000E+04     0.4979E-15     0.4905E-15     0.4681E-15     0.3917E-15     0.2994E-15     0.2164E-15     0.1527E-15     0.1076E-15     0.7629E-16     0.5473E-16     0.3995E-16     0.2978E-16     0.8695E-17     0.3419E-17     0.1621E-17     0.8695E-18     0.5109E-18     0.3214E-18     0.2137E-18     0.1483E-18     0.7953E-19     0.4755E-19     0.3090E-19     0.2149E-19     0.1581E-19     0.1222E-19     0.9921E-20     0.8319E-20     0.7223E-20     0.6481E-20     0.6007E-20     0.5687E-20     0.5379E-20           0.1577E-16
0.2000E+04     0.4863E-15     0.4814E-15     0.4664E-15     0.4128E-15     0.3412E-15     0.2683E-15     0.2044E-15     0.1536E-15     0.1152E-15     0.8659E-16     0.6555E-16     0.5015E-16     0.1588E-16     0.6490E-17     0.3163E-17     0.1737E-17     0.1041E-17     0.6660E-18     0.4488E-18     0.3158E-18     0.1730E-18     0.1051E-18     0.6916E-19     0.4860E-19     0.3622E-19     0.2833E-19     0.2295E-19     0.1925E-19     0.1672E-19     0.1524E-19     0.1431E-19     0.1370E-19     0.1218E-19           0.2298E-16
0.1000E+04     0.4617E-15     0.4593E-15     0.4517E-15     0.4233E-15     0.3814E-15     0.3324E-15     0.2818E-15     0.2346E-15     0.1927E-15     0.1572E-15     0.1278E-15     0.1039E-15     0.3929E-16     0.1745E-16     0.8970E-17     0.5136E-17     0.3191E-17     0.2112E-17     0.1468E-17     0.1063E-17     0.6103E-18     0.3882E-18     0.2665E-18     0.1919E-18     0.1482E-18     0.1181E-18     0.9691E-19     0.8454E-19     0.7447E-19     0.6660E-19     0.6454E-19     0.6066E-19     0.5425E-19           0.4267E-16
0.8000E+03     0.4493E-15     0.4475E-15     0.4415E-15     0.4190E-15     0.3849E-15     0.3436E-15     0.2994E-15     0.2559E-15     0.2158E-15     0.1804E-15     0.1500E-15     0.1246E-15     0.5051E-16     0.2322E-16     0.1211E-16     0.7038E-17     0.4429E-17     0.2964E-17     0.2082E-17     0.1523E-17     0.8926E-18     0.5774E-18     0.4019E-18     0.2972E-18     0.2301E-18     0.1857E-18     0.1557E-18     0.1352E-18     0.1202E-18     0.1098E-18     0.1036E-18     0.1004E-18     0.1004E-18           0.5156E-16
0.6000E+03     0.4318E-15     0.4304E-15     0.4260E-15     0.4092E-15     0.3832E-15     0.3507E-15     0.3145E-15     0.2774E-15     0.2413E-15     0.2079E-15     0.1777E-15     0.1515E-15     0.6749E-16     0.3243E-16     0.1737E-16     0.1027E-16     0.6555E-17     0.4451E-17     0.3173E-17     0.2352E-17     0.1418E-17     0.9420E-18     0.6733E-18     0.5088E-18     0.4032E-18     0.3321E-18     0.2835E-18     0.2492E-18     0.2253E-18     0.2088E-18     0.1982E-18     0.1918E-18     0.1888E-18           0.6523E-16
0.4000E+03     0.4022E-15     0.4013E-15     0.3986E-15     0.3877E-15     0.3704E-15     0.3482E-15     0.3222E-15     0.2942E-15     0.2654E-15     0.2372E-15     0.2103E-15     0.1854E-15     0.9462E-16     0.4899E-16     0.2729E-16     0.1648E-16     0.1071E-16     0.7393E-17     0.5364E-17     0.4052E-17     0.2544E-17     0.1760E-17     0.1313E-17     0.1036E-17     0.8564E-18     0.7346E-18     0.6494E-18     0.5886E-18     0.5462E-18     0.5160E-18     0.4952E-18     0.4837E-18     0.4745E-18           0.8915E-16
0.3500E+03     0.3919E-15     0.3911E-15     0.3888E-15     0.3794E-15     0.3643E-15     0.3446E-15     0.3216E-15     0.2963E-15     0.2701E-15     0.2440E-15     0.2186E-15     0.1946E-15     0.1038E-15     0.5523E-16     0.3118E-16     0.1897E-16     0.1238E-16     0.8580E-17     0.6256E-17     0.4748E-17     0.3020E-17     0.2122E-17     0.1608E-17     0.1292E-17     0.1087E-17     0.9459E-18     0.8464E-18     0.7766E-18     0.7262E-18     0.6913E-18     0.6685E-18     0.6572E-18     0.6609E-18           0.9829E-16
0.3000E+03     0.3794E-15     0.3786E-15     0.3767E-15     0.3688E-15     0.3559E-15     0.3392E-15     0.3193E-15     0.2970E-15     0.2736E-15     0.2498E-15     0.2264E-15     0.2038E-15     0.1142E-15     0.6284E-16     0.3606E-16     0.2211E-16     0.1449E-16     0.1008E-16     0.7374E-17     0.5631E-17     0.3628E-17     0.2598E-17     0.2006E-17     0.1643E-17     0.1410E-17     0.1253E-17     0.1144E-17     0.1065E-17     0.1013E-17     0.9720E-18     0.9509E-18     0.9330E-18     0.9393E-18           0.1096E-15
0.2500E+03     0.3650E-15     0.3646E-15     0.3628E-15     0.3562E-15     0.3457E-15     0.3315E-15     0.3145E-15     0.2954E-15     0.2751E-15     0.2541E-15     0.2329E-15     0.2123E-15     0.1261E-15     0.7217E-16     0.4233E-16     0.2622E-16     0.1722E-16     0.1201E-16     0.8801E-17     0.6755E-17     0.4403E-17     0.3218E-17     0.2545E-17     0.2147E-17     0.1894E-17     0.1730E-17     0.1615E-17     0.1542E-17     0.1488E-17     0.1452E-17     0.1431E-17     0.1419E-17     0.1415E-17           0.1242E-15
0.2000E+03     0.3455E-15     0.3452E-15     0.3439E-15     0.3388E-15     0.3304E-15     0.3194E-15     0.3058E-15     0.2905E-15     0.2736E-15     0.2560E-15     0.2378E-15     0.2198E-15     0.1392E-15     0.8389E-16     0.5070E-16     0.3181E-16     0.2098E-16     0.1460E-16     0.1068E-16     0.8185E-17     0.5398E-17     0.4025E-17     0.3294E-17     0.2881E-17     0.2641E-17     0.2511E-17     0.2428E-17     0.2386E-17     0.2361E-17     0.2352E-17     0.2347E-17     0.2344E-17     0.2355E-17           0.1438E-15
0.1500E+03     0.3212E-15     0.3209E-15     0.3200E-15     0.3163E-15     0.3103E-15     0.3021E-15     0.2921E-15     0.2806E-15     0.2677E-15     0.2539E-15     0.2395E-15     0.2246E-15     0.1537E-15     0.9893E-16     0.6256E-16     0.4010E-16     0.2659E-16     0.1839E-16     0.1332E-16     0.1010E-16     0.6597E-17     0.4998E-17     0.4259E-17     0.3947E-17     0.3852E-17     0.3882E-17     0.3968E-17     0.4080E-17     0.4195E-17     0.4293E-17     0.4371E-17     0.4420E-17     0.4439E-17           0.1722E-15
0.1000E+03     0.2903E-15     0.2900E-15     0.2894E-15     0.2872E-15     0.2833E-15     0.2783E-15     0.2717E-15     0.2641E-15     0.2554E-15     0.2459E-15     0.2358E-15     0.2250E-15     0.1693E-15     0.1192E-15     0.8109E-16     0.5447E-16     0.3679E-16     0.2531E-16     0.1789E-16     0.1307E-16     0.7902E-17     0.5790E-17     0.5128E-17     0.5233E-17     0.5747E-17     0.6484E-17     0.7301E-17     0.8128E-17     0.8883E-17     0.9523E-17     0.1000E-16     0.1030E-16     0.1040E-16           0.2198E-15
0.5000E+02     0.2578E-15     0.2578E-15     0.2575E-15     0.2565E-15     0.2545E-15     0.2522E-15     0.2489E-15     0.2452E-15     0.2408E-15     0.2359E-15     0.2304E-15     0.2246E-15     0.1909E-15     0.1542E-15     0.1199E-15     0.9037E-16     0.6658E-16     0.4820E-16     0.3437E-16     0.2417E-16     0.1144E-16     0.5397E-17     0.3469E-17     0.4286E-17     0.6973E-17     0.1094E-16     0.1564E-16     0.2058E-16     0.2532E-16     0.2948E-16     0.3269E-16     0.3473E-16     0.3543E-16           0.3379E-15
0.4500E+02     0.2563E-15     0.2563E-15     0.2560E-15     0.2551E-15     0.2535E-15     0.2513E-15     0.2484E-15     0.2450E-15     0.2410E-15     0.2367E-15     0.2317E-15     0.2264E-15     0.1952E-15     0.1606E-15     0.1272E-15     0.9772E-16     0.7328E-16     0.5385E-16     0.3885E-16     0.2748E-16     0.1285E-16     0.5544E-17     0.2972E-17     0.3680E-17     0.6710E-17     0.1133E-16     0.1694E-16     0.2292E-16     0.2871E-16     0.3381E-16     0.3777E-16     0.4029E-16     0.4114E-16           0.3629E-15
0.4000E+02     0.2565E-15     0.2565E-15     0.2562E-15     0.2553E-15     0.2539E-15     0.2519E-15     0.2493E-15     0.2463E-15     0.2428E-15     0.2387E-15     0.2344E-15     0.2295E-15     0.2010E-15     0.1685E-15     0.1362E-15     0.1068E-15     0.8172E-16     0.6114E-16     0.4478E-16     0.3203E-16     0.1499E-16     0.5989E-17     0.2486E-17     0.2912E-17     0.6250E-17     0.1163E-16     0.1831E-16     0.2554E-16     0.3261E-16     0.3888E-16     0.4378E-16     0.4690E-16     0.4799E-16           0.3940E-15
0.3500E+02     0.2590E-15     0.2590E-15     0.2589E-15     0.2580E-15     0.2568E-15     0.2550E-15     0.2528E-15     0.2501E-15     0.2468E-15     0.2432E-15     0.2393E-15     0.2350E-15     0.2089E-15     0.1786E-15     0.1476E-15     0.1184E-15     0.9265E-16     0.7079E-16     0.5283E-16     0.3841E-16     0.1830E-16     0.7013E-17     0.2120E-17     0.2010E-17     0.5553E-17     0.1175E-16     0.1967E-16     0.2841E-16     0.3704E-16     0.4477E-16     0.5083E-16     0.5471E-16     0.5605E-16           0.4339E-15
0.3000E+02     0.2656E-15     0.2656E-15     0.2654E-15     0.2647E-15     0.2636E-15     0.2620E-15     0.2601E-15     0.2577E-15     0.2548E-15     0.2517E-15     0.2481E-15     0.2443E-15     0.2207E-15     0.1925E-15     0.1627E-15     0.1338E-15     0.1073E-15     0.8400E-16     0.6417E-16     0.4767E-16     0.2358E-16     0.9131E-17     0.2161E-17     0.1056E-17     0.4565E-17     0.1156E-16     0.2086E-16     0.3134E-16     0.4187E-16     0.5136E-16     0.5886E-16     0.6366E-16     0.6531E-16           0.4869E-15
0.2500E+02     0.2787E-15     0.2787E-15     0.2786E-15     0.2780E-15     0.2769E-15     0.2756E-15     0.2738E-15     0.2717E-15     0.2692E-15     0.2665E-15     0.2632E-15     0.2598E-15     0.2384E-15     0.2123E-15     0.1839E-15     0.1551E-15     0.1278E-15     0.1028E-15     0.8067E-16     0.6159E-16     0.3224E-16     0.1334E-16     0.3190E-17     0.2863E-18     0.3270E-17     0.1082E-16     0.2153E-16     0.3395E-16     0.4661E-16     0.5816E-16     0.6736E-16     0.7326E-16     0.7531E-16           0.5599E-15
0.2000E+02     0.3030E-15     0.3030E-15     0.3029E-15     0.3023E-15     0.3015E-15     0.3003E-15     0.2987E-15     0.2969E-15     0.2947E-15     0.2921E-15     0.2893E-15     0.2863E-15     0.2669E-15     0.2426E-15     0.2150E-15     0.1862E-15     0.1578E-15     0.1307E-15     0.1057E-15     0.8330E-16     0.4690E-16     0.2161E-16     0.6493E-17     0.3184E-18     0.1704E-17     0.9098E-17     0.2080E-16     0.3498E-16     0.4981E-16     0.6348E-16     0.7447E-16     0.8160E-16     0.8406E-16           0.6639E-15
0.1500E+02     0.3437E-15     0.3436E-15     0.3436E-15     0.3431E-15     0.3422E-15     0.3412E-15     0.3398E-15     0.3382E-15     0.3363E-15     0.3340E-15     0.3315E-15     0.3287E-15     0.3109E-15     0.2879E-15     0.2613E-15     0.2323E-15     0.2025E-15     0.1728E-15     0.1444E-15     0.1179E-15     0.7217E-16     0.3776E-16     0.1487E-16     0.2793E-17     0.2423E-18     0.5531E-17     0.1663E-16     0.3129E-16     0.4727E-16     0.6239E-16     0.7469E-16     0.8269E-16     0.8545E-16           0.8117E-15
0.1000E+02     0.3895E-15     0.3895E-15     0.3893E-15     0.3891E-15     0.3883E-15     0.3874E-15     0.3862E-15     0.3847E-15     0.3831E-15     0.3811E-15     0.3789E-15     0.3765E-15     0.3607E-15     0.3400E-15     0.3151E-15     0.2872E-15     0.2574E-15     0.2268E-15     0.1961E-15     0.1664E-15     0.1120E-15     0.6734E-16     0.3413E-16     0.1260E-16     0.1898E-17     0.4796E-18     0.6297E-17     0.1697E-16     0.2997E-16     0.4299E-16     0.5397E-16     0.6129E-16     0.6385E-16           0.9895E-15
0.5000E+01     0.3228E-15     0.3228E-15     0.3228E-15     0.3225E-15     0.3222E-15     0.3216E-15     0.3211E-15     0.3203E-15     0.3194E-15     0.3182E-15     0.3170E-15     0.3157E-15     0.3070E-15     0.2951E-15     0.2806E-15     0.2638E-15     0.2453E-15     0.2256E-15     0.2050E-15     0.1843E-15     0.1440E-15     0.1075E-15     0.7674E-16     0.5274E-16     0.3570E-16     0.2507E-16     0.1985E-16     0.1877E-16     0.2043E-16     0.2343E-16     0.2654E-16     0.2881E-16     0.2964E-16           0.1165E-14