0.1            0.5           1.0           2.0           3.0           4.0           5.0           6.0           7.0           8.0           9.0          10.0          15.0          20.0          25.0          30.0          35.0          40.0          45.0          50.0          60.0          70.0          80.0          90.0         100.0         110.0         120.0         130.0         140.0         150.0         160.0         170.0         180.0
0.3000E+05     0.1809E-14     0.1602E-14     0.1124E-14     0.3977E-15     0.1511E-15     0.6728E-16     0.3451E-16     0.1942E-16     0.1184E-16     0.7550E-17     0.5049E-17     0.3527E-17     0.8209E-18     0.2845E-18     0.1237E-18     0.6242E-19     0.3509E-19     0.2132E-19     0.1378E-19     0.9338E-20     0.4827E-20     0.2794E-20     0.1772E-20     0.1209E-20     0.8732E-21     0.6551E-21     0.5230E-21     0.4374E-21     0.3695E-21     0.3357E-21     0.3087E-21     0.2923E-21     0.3404E-21           0.6669E-17
0.2900E+05     0.1809E-14     0.1606E-14     0.1138E-14     0.4107E-15     0.1573E-15     0.7032E-16     0.3630E-16     0.2041E-16     0.1238E-16     0.7997E-17     0.5341E-17     0.3710E-17     0.8710E-18     0.3024E-18     0.1318E-18     0.6654E-19     0.3746E-19     0.2274E-19     0.1471E-19     0.9979E-20     0.5161E-20     0.2984E-20     0.1889E-20     0.1289E-20     0.9235E-21     0.6974E-21     0.5656E-21     0.4578E-21     0.3995E-21     0.3549E-21     0.3372E-21     0.3118E-21     0.2605E-21           0.6878E-17
0.2800E+05     0.1806E-14     0.1609E-14     0.1152E-14     0.4245E-15     0.1642E-15     0.7377E-16     0.3807E-16     0.2161E-16     0.1313E-16     0.8418E-17     0.5640E-17     0.3947E-17     0.9266E-18     0.3222E-18     0.1404E-18     0.7107E-19     0.4002E-19     0.2432E-19     0.1573E-19     0.1067E-19     0.5520E-20     0.3208E-20     0.2025E-20     0.1382E-20     0.9899E-21     0.7526E-21     0.5851E-21     0.4918E-21     0.4169E-21     0.3846E-21     0.3498E-21     0.3281E-21     0.3315E-21           0.7103E-17
0.2700E+05     0.1795E-14     0.1606E-14     0.1162E-14     0.4384E-15     0.1713E-15     0.7745E-16     0.4007E-16     0.2271E-16     0.1389E-16     0.8896E-17     0.6005E-17     0.4175E-17     0.9887E-18     0.3443E-18     0.1502E-18     0.7614E-19     0.4286E-19     0.2605E-19     0.1685E-19     0.1147E-19     0.5933E-20     0.3431E-20     0.2176E-20     0.1493E-20     0.1081E-20     0.8131E-21     0.6542E-21     0.5380E-21     0.4594E-21     0.4029E-21     0.3637E-21     0.3591E-21     0.3941E-21           0.7330E-17
0.2600E+05     0.1788E-14     0.1606E-14     0.1173E-14     0.4535E-15     0.1791E-15     0.8142E-16     0.4235E-16     0.2395E-16     0.1470E-16     0.9497E-17     0.6369E-17     0.4438E-17     0.1055E-17     0.3685E-18     0.1609E-18     0.8176E-19     0.4600E-19     0.2802E-19     0.1813E-19     0.1232E-19     0.6391E-20     0.3701E-20     0.2338E-20     0.1602E-20     0.1152E-20     0.8852E-21     0.7055E-21     0.5841E-21     0.4919E-21     0.4399E-21     0.4078E-21     0.3847E-21     0.4292E-21           0.7581E-17
0.2500E+05     0.1789E-14     0.1612E-14     0.1189E-14     0.4697E-15     0.1876E-15     0.8570E-16     0.4472E-16     0.2550E-16     0.1560E-16     0.1003E-16     0.6803E-17     0.4743E-17     0.1130E-17     0.3958E-18     0.1731E-18     0.8789E-19     0.4955E-19     0.3018E-19     0.1956E-19     0.1327E-19     0.6876E-20     0.3995E-20     0.2554E-20     0.1745E-20     0.1256E-20     0.9579E-21     0.7492E-21     0.6230E-21     0.5370E-21     0.4773E-21     0.4275E-21     0.4157E-21     0.5063E-21           0.7862E-17
0.2400E+05     0.1785E-14     0.1613E-14     0.1202E-14     0.4866E-15     0.1965E-15     0.9044E-16     0.4724E-16     0.2693E-16     0.1661E-16     0.1070E-16     0.7261E-17     0.5061E-17     0.1215E-17     0.4251E-18     0.1867E-18     0.9487E-19     0.5350E-19     0.3261E-19     0.2116E-19     0.1436E-19     0.7440E-20     0.4323E-20     0.2750E-20     0.1891E-20     0.1353E-20     0.1042E-20     0.8130E-21     0.6646E-21     0.5999E-21     0.5137E-21     0.4758E-21     0.4433E-21     0.4808E-21           0.8155E-17
0.2300E+05     0.1780E-14     0.1615E-14     0.1213E-14     0.5046E-15     0.2064E-15     0.9567E-16     0.5022E-16     0.2871E-16     0.1766E-16     0.1150E-16     0.7754E-17     0.5422E-17     0.1306E-17     0.4605E-18     0.2018E-18     0.1026E-18     0.5799E-19     0.3539E-19     0.2290E-19     0.1563E-19     0.8090E-20     0.4711E-20     0.3006E-20     0.2034E-20     0.1493E-20     0.1137E-20     0.9013E-21     0.7390E-21     0.6314E-21     0.5565E-21     0.5395E-21     0.5367E-21     0.6664E-21           0.8477E-17
0.2200E+05     0.1800E-14     0.1634E-14     0.1233E-14     0.5261E-15     0.2177E-15     0.1017E-15     0.5334E-16     0.3093E-16     0.1886E-16     0.1223E-16     0.8276E-17     0.5841E-17     0.1411E-17     0.4975E-18     0.2194E-18     0.1115E-18     0.6308E-19     0.3850E-19     0.2502E-19     0.1703E-19     0.8867E-20     0.5163E-20     0.3269E-20     0.2226E-20     0.1640E-20     0.1225E-20     0.1009E-20     0.7853E-21     0.6897E-21     0.6385E-21     0.5759E-21     0.5719E-21     0.7134E-21           0.8866E-17
0.2100E+05     0.1804E-14     0.1640E-14     0.1247E-14     0.5435E-15     0.2292E-15     0.1081E-15     0.5678E-16     0.3248E-16     0.2030E-16     0.1319E-16     0.8902E-17     0.6284E-17     0.1527E-17     0.5423E-18     0.2387E-18     0.1215E-18     0.6879E-19     0.4210E-19     0.2735E-19     0.1867E-19     0.9736E-20     0.5723E-20     0.3633E-20     0.2471E-20     0.1786E-20     0.1350E-20     0.1105E-20     0.9123E-21     0.7708E-21     0.6827E-21     0.6259E-21     0.6421E-21     0.3166E-21           0.9229E-17
0.2000E+05     0.1798E-14     0.1642E-14     0.1259E-14     0.5617E-15     0.2413E-15     0.1137E-15     0.6124E-16     0.3516E-16     0.2167E-16     0.1415E-16     0.9655E-17     0.6801E-17     0.1661E-17     0.5895E-18     0.2602E-18     0.1332E-18     0.7547E-19     0.4615E-19     0.3003E-19     0.2046E-19     0.1065E-19     0.6266E-20     0.3962E-20     0.2723E-20     0.1988E-20     0.1508E-20     0.1197E-20     0.9928E-21     0.8161E-21     0.7648E-21     0.6885E-21     0.6933E-21     0.7000E-21           0.9621E-17
0.1900E+05     0.1810E-14     0.1658E-14     0.1284E-14     0.5856E-15     0.2569E-15     0.1214E-15     0.6484E-16     0.3782E-16     0.2353E-16     0.1530E-16     0.1048E-16     0.7346E-17     0.1816E-17     0.6460E-18     0.2865E-18     0.1465E-18     0.8306E-19     0.5095E-19     0.3304E-19     0.2259E-19     0.1182E-19     0.6865E-20     0.4398E-20     0.3018E-20     0.2228E-20     0.1678E-20     0.1363E-20     0.1071E-20     0.9749E-21     0.8203E-21     0.7808E-21     0.7817E-21     0.9022E-21           0.1011E-16
0.1800E+05     0.1816E-14     0.1670E-14     0.1306E-14     0.6077E-15     0.2720E-15     0.1312E-15     0.7001E-16     0.4058E-16     0.2541E-16     0.1658E-16     0.1136E-16     0.8006E-17     0.1995E-17     0.7116E-18     0.3158E-18     0.1619E-18     0.9204E-19     0.5637E-19     0.3676E-19     0.2504E-19     0.1312E-19     0.7698E-20     0.4903E-20     0.3358E-20     0.2423E-20     0.1848E-20     0.1497E-20     0.1227E-20     0.1089E-20     0.9752E-21     0.8950E-21     0.8649E-21     0.6138E-21           0.1063E-16
0.1700E+05     0.1821E-14     0.1681E-14     0.1329E-14     0.6336E-15     0.2869E-15     0.1403E-15     0.7587E-16     0.4405E-16     0.2757E-16     0.1809E-16     0.1245E-16     0.8774E-17     0.2194E-17     0.7873E-18     0.3500E-18     0.1800E-18     0.1024E-18     0.6287E-19     0.4092E-19     0.2800E-19     0.1462E-19     0.8513E-20     0.5494E-20     0.3791E-20     0.2712E-20     0.2107E-20     0.1658E-20     0.1424E-20     0.1217E-20     0.1101E-20     0.9809E-21     0.9400E-21     0.1225E-20           0.1121E-16
0.1600E+05     0.1815E-14     0.1684E-14     0.1347E-14     0.6627E-15     0.3049E-15     0.1503E-15     0.8199E-16     0.4802E-16     0.3018E-16     0.1979E-16     0.1356E-16     0.9615E-17     0.2422E-17     0.8764E-18     0.3907E-18     0.2012E-18     0.1146E-18     0.7050E-19     0.4602E-19     0.3143E-19     0.1648E-19     0.9657E-20     0.6169E-20     0.4257E-20     0.3093E-20     0.2353E-20     0.1861E-20     0.1597E-20     0.1349E-20     0.1205E-20     0.1165E-20     0.1100E-20     0.9967E-21           0.1184E-16
0.1500E+05     0.1809E-14     0.1685E-14     0.1366E-14     0.6940E-15     0.3264E-15     0.1624E-15     0.8896E-16     0.5245E-16     0.3297E-16     0.2179E-16     0.1497E-16     0.1065E-16     0.2698E-17     0.9781E-18     0.4390E-18     0.2265E-18     0.1293E-18     0.7950E-19     0.5192E-19     0.3567E-19     0.1867E-19     0.1099E-19     0.7026E-20     0.4861E-20     0.3491E-20     0.2690E-20     0.2171E-20     0.1777E-20     0.1566E-20     0.1424E-20     0.1276E-20     0.1262E-20     0.1156E-20           0.1257E-16
0.1400E+05     0.1795E-14     0.1681E-14     0.1380E-14     0.7247E-15     0.3495E-15     0.1766E-15     0.9709E-16     0.5765E-16     0.3627E-16     0.2411E-16     0.1660E-16     0.1186E-16     0.3029E-17     0.1104E-17     0.4961E-18     0.2569E-18     0.1469E-18     0.9050E-19     0.5929E-19     0.4075E-19     0.2135E-19     0.1255E-19     0.8097E-20     0.5526E-20     0.4061E-20     0.3087E-20     0.2501E-20     0.2103E-20     0.1794E-20     0.1615E-20     0.1478E-20     0.1457E-20     0.1518E-20           0.1338E-16
0.1300E+05     0.1783E-14     0.1676E-14     0.1394E-14     0.7574E-15     0.3746E-15     0.1925E-15     0.1065E-15     0.6366E-16     0.4023E-16     0.2684E-16     0.1849E-16     0.1321E-16     0.3421E-17     0.1254E-17     0.5664E-18     0.2941E-18     0.1687E-18     0.1043E-18     0.6833E-19     0.4679E-19     0.2462E-19     0.1461E-19     0.9450E-20     0.6455E-20     0.4688E-20     0.3627E-20     0.2847E-20     0.2428E-20     0.2091E-20     0.1898E-20     0.1749E-20     0.1658E-20     0.1640E-20           0.1429E-16
0.1200E+05     0.1772E-14     0.1673E-14     0.1410E-14     0.7930E-15     0.4025E-15     0.2107E-15     0.1178E-15     0.7080E-16     0.4487E-16     0.3002E-16     0.2079E-16     0.1485E-16     0.3889E-17     0.1437E-17     0.6522E-18     0.3395E-18     0.1950E-18     0.1208E-18     0.7930E-19     0.5455E-19     0.2879E-19     0.1703E-19     0.1102E-19     0.7568E-20     0.5568E-20     0.4298E-20     0.3439E-20     0.2845E-20     0.2465E-20     0.2246E-20     0.2024E-20     0.1983E-20     0.1643E-20           0.1535E-16
0.1100E+05     0.1757E-14     0.1667E-14     0.1423E-14     0.8315E-15     0.4342E-15     0.2317E-15     0.1308E-15     0.7926E-16     0.5055E-16     0.3385E-16     0.2358E-16     0.1687E-16     0.4469E-17     0.1663E-17     0.7592E-18     0.3973E-18     0.2292E-18     0.1423E-18     0.9359E-19     0.6452E-19     0.3412E-19     0.2018E-19     0.1306E-19     0.9034E-20     0.6631E-20     0.5066E-20     0.4083E-20     0.3418E-20     0.2969E-20     0.2692E-20     0.2472E-20     0.2361E-20     0.2359E-20           0.1658E-16
0.1000E+05     0.1740E-14     0.1660E-14     0.1436E-14     0.8717E-15     0.4702E-15     0.2565E-15     0.1467E-15     0.8944E-16     0.5743E-16     0.3855E-16     0.2699E-16     0.1940E-16     0.5195E-17     0.1950E-17     0.8952E-18     0.4702E-18     0.2723E-18     0.1697E-18     0.1121E-18     0.7742E-19     0.4107E-19     0.2438E-19     0.1582E-19     0.1099E-19     0.8054E-20     0.6212E-20     0.4991E-20     0.4178E-20     0.3628E-20     0.3276E-20     0.2972E-20     0.2899E-20     0.2848E-20           0.1804E-16
0.9000E+04     0.1722E-14     0.1649E-14     0.1447E-14     0.9148E-15     0.5113E-15     0.2854E-15     0.1657E-15     0.1018E-15     0.6593E-16     0.4444E-16     0.3121E-16     0.2255E-16     0.6123E-17     0.2319E-17     0.1071E-17     0.5665E-18     0.3294E-18     0.2058E-18     0.1359E-18     0.9430E-19     0.5043E-19     0.2997E-19     0.1950E-19     0.1358E-19     0.9991E-20     0.7783E-20     0.6251E-20     0.5151E-20     0.4533E-20     0.4107E-20     0.3762E-20     0.3661E-20     0.3735E-20           0.1979E-16
0.8000E+04     0.1704E-14     0.1639E-14     0.1458E-14     0.9605E-15     0.5580E-15     0.3202E-15     0.1892E-15     0.1175E-15     0.7672E-16     0.5203E-16     0.3661E-16     0.2660E-16     0.7319E-17     0.2800E-17     0.1306E-17     0.6940E-18     0.4061E-18     0.2551E-18     0.1690E-18     0.1176E-18     0.6312E-19     0.3789E-19     0.2459E-19     0.1724E-19     0.1263E-19     0.9831E-20     0.7926E-20     0.6684E-20     0.5810E-20     0.5195E-20     0.4854E-20     0.4599E-20     0.4796E-20           0.2194E-16
0.7000E+04     0.1682E-14     0.1625E-14     0.1464E-14     0.1007E-14     0.6111E-15     0.3618E-15     0.2186E-15     0.1374E-15     0.9053E-16     0.6187E-16     0.4371E-16     0.3190E-16     0.8916E-17     0.3458E-17     0.1627E-17     0.8720E-18     0.5125E-18     0.3242E-18     0.2162E-18     0.1503E-18     0.8148E-19     0.4927E-19     0.3216E-19     0.2243E-19     0.1664E-19     0.1295E-19     0.1048E-19     0.8856E-20     0.7714E-20     0.6956E-20     0.6454E-20     0.6212E-20     0.6594E-20           0.2461E-16
0.6000E+04     0.1657E-14     0.1609E-14     0.1469E-14     0.1055E-14     0.6718E-15     0.4129E-15     0.2560E-15     0.1634E-15     0.1088E-15     0.7511E-16     0.5335E-16     0.3905E-16     0.1115E-16     0.4380E-17     0.2085E-17     0.1126E-17     0.6688E-18     0.4242E-18     0.2854E-18     0.1995E-18     0.1090E-18     0.6621E-19     0.4366E-19     0.3082E-19     0.2276E-19     0.1785E-19     0.1443E-19     0.1215E-19     0.1068E-19     0.9638E-20     0.8932E-20     0.8641E-20     0.8704E-20           0.2807E-16
0.5000E+04     0.1631E-14     0.1590E-14     0.1471E-14     0.1106E-14     0.7407E-15     0.4754E-15     0.3052E-15     0.1994E-15     0.1341E-15     0.9345E-16     0.6706E-16     0.4933E-16     0.1436E-16     0.5738E-17     0.2766E-17     0.1514E-17     0.9062E-18     0.5801E-18     0.3935E-18     0.2769E-18     0.1528E-18     0.9423E-19     0.6239E-19     0.4438E-19     0.3303E-19     0.2590E-19     0.2107E-19     0.1800E-19     0.1584E-19     0.1426E-19     0.1329E-19     0.1276E-19     0.1220E-19           0.3274E-16
0.4000E+04     0.1596E-14     0.1563E-14     0.1467E-14     0.1157E-14     0.8205E-15     0.5529E-15     0.3688E-15     0.2483E-15     0.1704E-15     0.1204E-15     0.8731E-16     0.6478E-16     0.1933E-16     0.7868E-17     0.3852E-17     0.2138E-17     0.1294E-17     0.8391E-18     0.5746E-18     0.4093E-18     0.2299E-18     0.1426E-18     0.9612E-19     0.6906E-19     0.5192E-19     0.4125E-19     0.3373E-19     0.2890E-19     0.2538E-19     0.2308E-19     0.2153E-19     0.2080E-19     0.2043E-19           0.3933E-16
0.3000E+04     0.1530E-14     0.1506E-14     0.1435E-14     0.1193E-14     0.9050E-15     0.6499E-15     0.4566E-15     0.3203E-15     0.2267E-15     0.1631E-15     0.1199E-15     0.9005E-16     0.2774E-16     0.1153E-16     0.5753E-17     0.3246E-17     0.1998E-17     0.1314E-17     0.9098E-18     0.6590E-18     0.3798E-18     0.2419E-18     0.1654E-18     0.1213E-18     0.9301E-19     0.7448E-19     0.6215E-19     0.5347E-19     0.4742E-19     0.4336E-19     0.4083E-19     0.3919E-19     0.3864E-19           0.4939E-16
0.2000E+04     0.1428E-14     0.1413E-14     0.1367E-14     0.1201E-14     0.9836E-15     0.7651E-15     0.5771E-15     0.4295E-15     0.3188E-15     0.2380E-15     0.1794E-15     0.1371E-15     0.4424E-16     0.1886E-16     0.9623E-17     0.5540E-17     0.3482E-17     0.2338E-17     0.1654E-17     0.1218E-17     0.7299E-18     0.4827E-18     0.3440E-18     0.2601E-18     0.2061E-18     0.1703E-18     0.1456E-18     0.1283E-18     0.1161E-18     0.1076E-18     0.1019E-18     0.9863E-19     0.9667E-19           0.6696E-16
0.1000E+04     0.1241E-14     0.1234E-14     0.1212E-14     0.1130E-14     0.1009E-14     0.8695E-15     0.7280E-15     0.5969E-15     0.4827E-15     0.3876E-15     0.3102E-15     0.2483E-15     0.8947E-16     0.3944E-16     0.2059E-16     0.1209E-16     0.7750E-17     0.5319E-17     0.3837E-17     0.2887E-17     0.1836E-17     0.1293E-17     0.9982E-18     0.8218E-18     0.7126E-18     0.6400E-18     0.5974E-18     0.5608E-18     0.5453E-18     0.5277E-18     0.5210E-18     0.5182E-18     0.4884E-18           0.1080E-15
0.8000E+03     0.1176E-14     0.1170E-14     0.1153E-14     0.1089E-14     0.9919E-15     0.8758E-15     0.7532E-15     0.6348E-15     0.5270E-15     0.4333E-15     0.3543E-15     0.2891E-15     0.1096E-15     0.4897E-16     0.2568E-16     0.1517E-16     0.9752E-17     0.6688E-17     0.4842E-17     0.3659E-17     0.2326E-17     0.1664E-17     0.1310E-17     0.1113E-17     0.1001E-17     0.9396E-18     0.9074E-18     0.8929E-18     0.8885E-18     0.8883E-18     0.8913E-18     0.8904E-18     0.8844E-18           0.1247E-15
0.6000E+03     0.1091E-14     0.1087E-14     0.1075E-14     0.1028E-14     0.9556E-15     0.8661E-15     0.7675E-15     0.6675E-15     0.5719E-15     0.4845E-15     0.4072E-15     0.3407E-15     0.1397E-15     0.6388E-16     0.3372E-16     0.2000E-16     0.1294E-16     0.8904E-17     0.6440E-17     0.4860E-17     0.3069E-17     0.2191E-17     0.1748E-17     0.1536E-17     0.1458E-17     0.1457E-17     0.1503E-17     0.1572E-17     0.1648E-17     0.1718E-17     0.1770E-17     0.1806E-17     0.1818E-17           0.1490E-15
0.4000E+03     0.9691E-15     0.9667E-15     0.9591E-15     0.9296E-15     0.8829E-15     0.8231E-15     0.7541E-15     0.6803E-15     0.6056E-15     0.5330E-15     0.4650E-15     0.4028E-15     0.1874E-15     0.9013E-16     0.4818E-16     0.2879E-16     0.1880E-16     0.1309E-16     0.9533E-17     0.7192E-17     0.4436E-17     0.3021E-17     0.2316E-17     0.2055E-17     0.2100E-17     0.2359E-17     0.2760E-17     0.3240E-17     0.3731E-17     0.4183E-17     0.4544E-17     0.4773E-17     0.4842E-17           0.1891E-15
0.3500E+03     0.9290E-15     0.9269E-15     0.9205E-15     0.8952E-15     0.8552E-15     0.8032E-15     0.7425E-15     0.6766E-15     0.6087E-15     0.5417E-15     0.4778E-15     0.4183E-15     0.2035E-15     0.9992E-16     0.5374E-16     0.3218E-16     0.2109E-16     0.1477E-16     0.1083E-16     0.8199E-17     0.5039E-17     0.3349E-17     0.2478E-17     0.2155E-17     0.2240E-17     0.2641E-17     0.3263E-17     0.4013E-17     0.4799E-17     0.5528E-17     0.6117E-17     0.6497E-17     0.6628E-17           0.2038E-15
0.3000E+03     0.8831E-15     0.8813E-15     0.8759E-15     0.8549E-15     0.8212E-15     0.7771E-15     0.7249E-15     0.6675E-15     0.6074E-15     0.5471E-15     0.4884E-15     0.4327E-15     0.2213E-15     0.1117E-15     0.6054E-16     0.3631E-16     0.2389E-16     0.1685E-16     0.1249E-16     0.9539E-17     0.5884E-17     0.3817E-17     0.2668E-17     0.2202E-17     0.2308E-17     0.2893E-17     0.3849E-17     0.5048E-17     0.6320E-17     0.7533E-17     0.8510E-17     0.9165E-17     0.9363E-17           0.2216E-15
0.2500E+03     0.8300E-15     0.8287E-15     0.8242E-15     0.8070E-15     0.7796E-15     0.7431E-15     0.6997E-15     0.6511E-15     0.5995E-15     0.5468E-15     0.4945E-15     0.4439E-15     0.2410E-15     0.1259E-15     0.6897E-16     0.4137E-16     0.2730E-16     0.1943E-16     0.1461E-16     0.1138E-16     0.7164E-17     0.4569E-17     0.2951E-17     0.2179E-17     0.2222E-17     0.3027E-17     0.4497E-17     0.6420E-17     0.8564E-17     0.1063E-16     0.1234E-16     0.1348E-16     0.1387E-16           0.2437E-15
0.2000E+03     0.7636E-15     0.7626E-15     0.7593E-15     0.7462E-15     0.7252E-15     0.6968E-15     0.6627E-15     0.6239E-15     0.5819E-15     0.5380E-15     0.4936E-15     0.4497E-15     0.2613E-15     0.1429E-15     0.7951E-16     0.4758E-16     0.3130E-16     0.2252E-16     0.1728E-16     0.1382E-16     0.9217E-17     0.5957E-17     0.3562E-17     0.2119E-17     0.1842E-17     0.2835E-17     0.5057E-17     0.8227E-17     0.1194E-16     0.1564E-16     0.1877E-16     0.2088E-16     0.2162E-16           0.2719E-15
0.1500E+03     0.6822E-15     0.6815E-15     0.6791E-15     0.6698E-15     0.6549E-15     0.6345E-15     0.6096E-15     0.5810E-15     0.5492E-15     0.5154E-15     0.4803E-15     0.4447E-15     0.2800E-15     0.1627E-15     0.9272E-16     0.5502E-16     0.3555E-16     0.2550E-16     0.2009E-16     0.1682E-16     0.1258E-16     0.8886E-17     0.5318E-17     0.2459E-17     0.1108E-17     0.1900E-17     0.5064E-17     0.1034E-16     0.1698E-16     0.2395E-16     0.3005E-16     0.3419E-16     0.3565E-16           0.3091E-15
0.1000E+03     0.5796E-15     0.5792E-15     0.5777E-15     0.5720E-15     0.5626E-15     0.5500E-15     0.5340E-15     0.5154E-15     0.4943E-15     0.4714E-15     0.4471E-15     0.4216E-15     0.2924E-15     0.1843E-15     0.1095E-15     0.6387E-16     0.3874E-16     0.2616E-16     0.2056E-16     0.1846E-16     0.1739E-16     0.1543E-16     0.1117E-16     0.5774E-17     0.1390E-17     0.1514E-18     0.3452E-17     0.1150E-16     0.2323E-16     0.3652E-16     0.4872E-16     0.5726E-16     0.6032E-16           0.3601E-15
0.5000E+02     0.4491E-15     0.4490E-15     0.4483E-15     0.4456E-15     0.4411E-15     0.4348E-15     0.4271E-15     0.4177E-15     0.4069E-15     0.3950E-15     0.3819E-15     0.3677E-15     0.2878E-15     0.2056E-15     0.1342E-15     0.7973E-16     0.4298E-16     0.2147E-16     0.1149E-16     0.9295E-17     0.1637E-16     0.2539E-16     0.2832E-16     0.2392E-16     0.1493E-16     0.6320E-17     0.2598E-17     0.6540E-17     0.1816E-16     0.3476E-16     0.5183E-16     0.6457E-16     0.6928E-16           0.4152E-15
0.4500E+02     0.4321E-15     0.4318E-15     0.4313E-15     0.4289E-15     0.4248E-15     0.4193E-15     0.4123E-15     0.4040E-15     0.3943E-15     0.3834E-15     0.3715E-15     0.3585E-15     0.2848E-15     0.2070E-15     0.1374E-15     0.8284E-16     0.4478E-16     0.2165E-16     0.1035E-16     0.7408E-17     0.1465E-16     0.2531E-16     0.3005E-16     0.2687E-16     0.1816E-16     0.8725E-17     0.3516E-17     0.5552E-17     0.1524E-16     0.3015E-16     0.4597E-16     0.5793E-16     0.6236E-16           0.4152E-15
0.4000E+02     0.4132E-15     0.4131E-15     0.4125E-15     0.4104E-15     0.4068E-15     0.4019E-15     0.3956E-15     0.3882E-15     0.3795E-15     0.3697E-15     0.3589E-15     0.3473E-15     0.2800E-15     0.2074E-15     0.1407E-15     0.8649E-16     0.4733E-16     0.2253E-16     0.9651E-17     0.5592E-17     0.1237E-16     0.2437E-16     0.3106E-16     0.2951E-16     0.2150E-16     0.1159E-16     0.4867E-17     0.4636E-17     0.1172E-16     0.2411E-16     0.3788E-16     0.4848E-16     0.5242E-16           0.4111E-15
0.3500E+02     0.3911E-15     0.3910E-15     0.3905E-15     0.3886E-15     0.3855E-15     0.3811E-15     0.3758E-15     0.3692E-15     0.3616E-15     0.3531E-15     0.3436E-15     0.3334E-15     0.2732E-15     0.2067E-15     0.1436E-15     0.9065E-16     0.5089E-16     0.2450E-16     0.9776E-17     0.4168E-17     0.9475E-17     0.2216E-16     0.3082E-16     0.3121E-16     0.2453E-16     0.1473E-16     0.6658E-17     0.4005E-17     0.7875E-17     0.1688E-16     0.2766E-16     0.3627E-16     0.3956E-16           0.4014E-15
0.3000E+02     0.3647E-15     0.3646E-15     0.3641E-15     0.3627E-15     0.3600E-15     0.3564E-15     0.3518E-15     0.3463E-15     0.3397E-15     0.3324E-15     0.3243E-15     0.3155E-15     0.2630E-15     0.2037E-15     0.1457E-15     0.9526E-16     0.5574E-16     0.2805E-16     0.1131E-16     0.3640E-17     0.6120E-17     0.1831E-16     0.2848E-16     0.3115E-16     0.2644E-16     0.1763E-16     0.8904E-17     0.3920E-17     0.4302E-17     0.9247E-17     0.1628E-16     0.2223E-16     0.2453E-16           0.3845E-15
0.2500E+02     0.3327E-15     0.3327E-15     0.3324E-15     0.3310E-15     0.3290E-15     0.3260E-15     0.3221E-15     0.3176E-15     0.3124E-15     0.3063E-15     0.2997E-15     0.2924E-15     0.2487E-15     0.1979E-15     0.1466E-15     0.1003E-15     0.6217E-16     0.3379E-16     0.1509E-16     0.4885E-17     0.2744E-17     0.1265E-16     0.2322E-16     0.2809E-16     0.2614E-16     0.1945E-16     0.1127E-16     0.4872E-17     0.2123E-17     0.2944E-17     0.5913E-17     0.8892E-17     0.1009E-16           0.3600E-15
0.2000E+02     0.2951E-15     0.2951E-15     0.2948E-15     0.2938E-15     0.2923E-15     0.2899E-15     0.2871E-15     0.2836E-15     0.2796E-15     0.2750E-15     0.2698E-15     0.2642E-15     0.2299E-15     0.1889E-15     0.1462E-15     0.1057E-15     0.7070E-16     0.4275E-16     0.2246E-16     0.9438E-17     0.7451E-18     0.5777E-17     0.1468E-16     0.2107E-16     0.2229E-16     0.1895E-16     0.1319E-16     0.7244E-17     0.2862E-17     0.7135E-18     0.3143E-18     0.7003E-18     0.9630E-18           0.3325E-15
0.1500E+02     0.2556E-15     0.2556E-15     0.2554E-15     0.2547E-15     0.2537E-15     0.2520E-15     0.2501E-15     0.2477E-15     0.2449E-15     0.2416E-15     0.2380E-15     0.2340E-15     0.2094E-15     0.1789E-15     0.1460E-15     0.1133E-15     0.8309E-16     0.5704E-16     0.3603E-16     0.2034E-16     0.3463E-17     0.6333E-18     0.4779E-17     0.1040E-16     0.1420E-16     0.1502E-16     0.1340E-16     0.1053E-16     0.7448E-17     0.4915E-17     0.3279E-17     0.2465E-17     0.2229E-17           0.3177E-15
0.1000E+02     0.2247E-15     0.2247E-15     0.2246E-15     0.2243E-15     0.2235E-15     0.2225E-15     0.2213E-15     0.2198E-15     0.2180E-15     0.2159E-15     0.2137E-15     0.2112E-15     0.1953E-15     0.1752E-15     0.1523E-15     0.1281E-15     0.1042E-15     0.8172E-16     0.6148E-16     0.4409E-16     0.1879E-16     0.5236E-17     0.4284E-18     0.8322E-18     0.3594E-17     0.6774E-17     0.9305E-17     0.1091E-16     0.1177E-16     0.1214E-16     0.1217E-16     0.1206E-16     0.1199E-16           0.3499E-15
0.5000E+01     0.2056E-15     0.2056E-15     0.2055E-15     0.2053E-15     0.2050E-15     0.2046E-15     0.2040E-15     0.2032E-15     0.2024E-15     0.2013E-15     0.2003E-15     0.1991E-15     0.1910E-15     0.1804E-15     0.1676E-15     0.1531E-15     0.1377E-15     0.1217E-15     0.1058E-15     0.9028E-16     0.6221E-16     0.3946E-16     0.2264E-16     0.1135E-16     0.4681E-17     0.1480E-17     0.6338E-18     0.1194E-17     0.2431E-17     0.3822E-17     0.5019E-17     0.5814E-17     0.6090E-17           0.5062E-15