0.1            0.5           1.0           2.0           3.0           4.0           5.0           6.0           7.0           8.0           9.0          10.0          15.0          20.0          25.0          30.0          35.0          40.0          45.0          50.0          60.0          70.0          80.0          90.0         100.0         110.0         120.0         130.0         140.0         150.0         160.0         170.0         180.0
0.3000E+05     0.1222E-13     0.1081E-13     0.7618E-14     0.2814E-14     0.1098E-14     0.5089E-15     0.2705E-15     0.1585E-15     0.9982E-16     0.6663E-16     0.4641E-16     0.3354E-16     0.9608E-17     0.3893E-17     0.1906E-17     0.1051E-17     0.6333E-18     0.4092E-18     0.2796E-18     0.2006E-18     0.1168E-18     0.7698E-19     0.5598E-19     0.4414E-19     0.3718E-19     0.3301E-19     0.3048E-19     0.2875E-19     0.2789E-19     0.2745E-19     0.2717E-19     0.2699E-19     0.2860E-19           0.5055E-16
0.2900E+05     0.1212E-13     0.1076E-13     0.7654E-14     0.2875E-14     0.1130E-14     0.5247E-15     0.2793E-15     0.1639E-15     0.1033E-15     0.6889E-16     0.4802E-16     0.3483E-16     0.9992E-17     0.4069E-17     0.1995E-17     0.1103E-17     0.6669E-18     0.4308E-18     0.2953E-18     0.2119E-18     0.1228E-18     0.8088E-19     0.5889E-19     0.4648E-19     0.3922E-19     0.3495E-19     0.3239E-19     0.3073E-19     0.2999E-19     0.2950E-19     0.2921E-19     0.2908E-19     0.2859E-19           0.5163E-16
0.2800E+05     0.1201E-13     0.1070E-13     0.7686E-14     0.2941E-14     0.1164E-14     0.5417E-15     0.2885E-15     0.1695E-15     0.1069E-15     0.7141E-16     0.4982E-16     0.3607E-16     0.1041E-16     0.4256E-17     0.2091E-17     0.1158E-17     0.7003E-18     0.4533E-18     0.3102E-18     0.2225E-18     0.1291E-18     0.8512E-19     0.6194E-19     0.4913E-19     0.4162E-19     0.3697E-19     0.3437E-19     0.3303E-19     0.3208E-19     0.3176E-19     0.3158E-19     0.3137E-19     0.3148E-19           0.5277E-16
0.2700E+05     0.1188E-13     0.1063E-13     0.7705E-14     0.3006E-14     0.1199E-14     0.5596E-15     0.2984E-15     0.1755E-15     0.1108E-15     0.7405E-16     0.5164E-16     0.3747E-16     0.1084E-16     0.4451E-17     0.2195E-17     0.1219E-17     0.7384E-18     0.4782E-18     0.3276E-18     0.2353E-18     0.1364E-18     0.8971E-19     0.6524E-19     0.5177E-19     0.4386E-19     0.3943E-19     0.3682E-19     0.3543E-19     0.3464E-19     0.3425E-19     0.3401E-19     0.3406E-19     0.3430E-19           0.5393E-16
0.2600E+05     0.1177E-13     0.1056E-13     0.7726E-14     0.3076E-14     0.1237E-14     0.5789E-15     0.3091E-15     0.1819E-15     0.1150E-15     0.7681E-16     0.5368E-16     0.3898E-16     0.1130E-16     0.4661E-17     0.2307E-17     0.1285E-17     0.7800E-18     0.5058E-18     0.3466E-18     0.2490E-18     0.1440E-18     0.9482E-19     0.6904E-19     0.5476E-19     0.4666E-19     0.4207E-19     0.3958E-19     0.3813E-19     0.3753E-19     0.3709E-19     0.3709E-19     0.3701E-19     0.3704E-19           0.5520E-16
0.2500E+05     0.1166E-13     0.1050E-13     0.7754E-14     0.3149E-14     0.1277E-14     0.5995E-15     0.3205E-15     0.1888E-15     0.1195E-15     0.7993E-16     0.5580E-16     0.4052E-16     0.1182E-16     0.4884E-17     0.2428E-17     0.1357E-17     0.8255E-18     0.5364E-18     0.3679E-18     0.2642E-18     0.1528E-18     0.1003E-18     0.7308E-19     0.5796E-19     0.4949E-19     0.4485E-19     0.4233E-19     0.4102E-19     0.4061E-19     0.4037E-19     0.4035E-19     0.4040E-19     0.4062E-19           0.5656E-16
0.2400E+05     0.1155E-13     0.1043E-13     0.7774E-14     0.3225E-14     0.1320E-14     0.6217E-15     0.3325E-15     0.1961E-15     0.1242E-15     0.8316E-16     0.5810E-16     0.4226E-16     0.1235E-16     0.5130E-17     0.2559E-17     0.1436E-17     0.8753E-18     0.5702E-18     0.3911E-18     0.2814E-18     0.1624E-18     0.1064E-18     0.7735E-19     0.6165E-19     0.5267E-19     0.4815E-19     0.4544E-19     0.4435E-19     0.4411E-19     0.4412E-19     0.4418E-19     0.4421E-19     0.4460E-19           0.5799E-16
0.2300E+05     0.1142E-13     0.1035E-13     0.7786E-14     0.3304E-14     0.1366E-14     0.6455E-15     0.3458E-15     0.2041E-15     0.1294E-15     0.8659E-16     0.6062E-16     0.4412E-16     0.1290E-16     0.5388E-17     0.2702E-17     0.1521E-17     0.9312E-18     0.6078E-18     0.4178E-18     0.2999E-18     0.1730E-18     0.1132E-18     0.8240E-19     0.6566E-19     0.5646E-19     0.5154E-19     0.4910E-19     0.4815E-19     0.4803E-19     0.4825E-19     0.4854E-19     0.4863E-19     0.4910E-19           0.5951E-16
0.2200E+05     0.1133E-13     0.1030E-13     0.7817E-14     0.3389E-14     0.1417E-14     0.6718E-15     0.3604E-15     0.2129E-15     0.1351E-15     0.9055E-16     0.6344E-16     0.4608E-16     0.1353E-16     0.5665E-17     0.2857E-17     0.1616E-17     0.9907E-18     0.6470E-18     0.4451E-18     0.3200E-18     0.1849E-18     0.1206E-18     0.8765E-19     0.6973E-19     0.6033E-19     0.5510E-19     0.5319E-19     0.5252E-19     0.5265E-19     0.5301E-19     0.5356E-19     0.5397E-19     0.5349E-19           0.6122E-16
0.2100E+05     0.1122E-13     0.1023E-13     0.7835E-14     0.3469E-14     0.1469E-14     0.6994E-15     0.3755E-15     0.2222E-15     0.1410E-15     0.9448E-16     0.6634E-16     0.4820E-16     0.1419E-16     0.5975E-17     0.3026E-17     0.1716E-17     0.1058E-17     0.6947E-18     0.4772E-18     0.3437E-18     0.1980E-18     0.1289E-18     0.9381E-19     0.7460E-19     0.6445E-19     0.5969E-19     0.5789E-19     0.5747E-19     0.5783E-19     0.5850E-19     0.5935E-19     0.5992E-19     0.5938E-19           0.6294E-16
0.2000E+05     0.1108E-13     0.1014E-13     0.7839E-14     0.3551E-14     0.1525E-14     0.7281E-15     0.3929E-15     0.2323E-15     0.1477E-15     0.9906E-16     0.6952E-16     0.5043E-16     0.1493E-16     0.6320E-17     0.3212E-17     0.1831E-17     0.1132E-17     0.7435E-18     0.5131E-18     0.3694E-18     0.2129E-18     0.1386E-18     0.1003E-18     0.8018E-19     0.6943E-19     0.6479E-19     0.6297E-19     0.6300E-19     0.6388E-19     0.6499E-19     0.6601E-19     0.6682E-19     0.6599E-19           0.6477E-16
0.1900E+05     0.1097E-13     0.1008E-13     0.7868E-14     0.3644E-14     0.1590E-14     0.7611E-15     0.4108E-15     0.2435E-15     0.1549E-15     0.1040E-15     0.7302E-16     0.5309E-16     0.1575E-16     0.6679E-17     0.3415E-17     0.1956E-17     0.1213E-17     0.8006E-18     0.5538E-18     0.3987E-18     0.2298E-18     0.1493E-18     0.1076E-18     0.8574E-19     0.7510E-19     0.7006E-19     0.6889E-19     0.6941E-19     0.7091E-19     0.7261E-19     0.7399E-19     0.7474E-19     0.7736E-19           0.6688E-16
0.1800E+05     0.1085E-13     0.9998E-14     0.7884E-14     0.3735E-14     0.1655E-14     0.7990E-15     0.4314E-15     0.2559E-15     0.1628E-15     0.1094E-15     0.7689E-16     0.5590E-16     0.1661E-16     0.7079E-17     0.3639E-17     0.2094E-17     0.1305E-17     0.8630E-18     0.5983E-18     0.4330E-18     0.2493E-18     0.1615E-18     0.1160E-18     0.9263E-19     0.8109E-19     0.7624E-19     0.7551E-19     0.7687E-19     0.7903E-19     0.8154E-19     0.8342E-19     0.8485E-19     0.8397E-19           0.6911E-16
0.1700E+05     0.1071E-13     0.9910E-14     0.7897E-14     0.3835E-14     0.1724E-14     0.8380E-15     0.4541E-15     0.2695E-15     0.1716E-15     0.1155E-15     0.8106E-16     0.5905E-16     0.1758E-16     0.7523E-17     0.3886E-17     0.2250E-17     0.1408E-17     0.9350E-18     0.6512E-18     0.4708E-18     0.2717E-18     0.1754E-18     0.1255E-18     0.9989E-19     0.8762E-19     0.8322E-19     0.8316E-19     0.8548E-19     0.8871E-19     0.9199E-19     0.9493E-19     0.9678E-19     0.9825E-19           0.7153E-16
0.1600E+05     0.1054E-13     0.9794E-14     0.7896E-14     0.3941E-14     0.1800E-14     0.8810E-15     0.4790E-15     0.2847E-15     0.1813E-15     0.1222E-15     0.8589E-16     0.6264E-16     0.1865E-16     0.8020E-17     0.4159E-17     0.2419E-17     0.1525E-17     0.1015E-17     0.7100E-18     0.5145E-18     0.2976E-18     0.1916E-18     0.1370E-18     0.1085E-18     0.9539E-19     0.9122E-19     0.9211E-19     0.9569E-19     0.1004E-18     0.1048E-18     0.1083E-18     0.1109E-18     0.1112E-18           0.7418E-16
0.1500E+05     0.1036E-13     0.9669E-14     0.7885E-14     0.4052E-14     0.1886E-14     0.9298E-15     0.5069E-15     0.3015E-15     0.1924E-15     0.1297E-15     0.9114E-16     0.6651E-16     0.1983E-16     0.8567E-17     0.4463E-17     0.2611E-17     0.1651E-17     0.1110E-17     0.7768E-18     0.5664E-18     0.3279E-18     0.2109E-18     0.1494E-18     0.1185E-18     0.1038E-18     0.1002E-18     0.1024E-18     0.1079E-18     0.1141E-18     0.1202E-18     0.1255E-18     0.1290E-18     0.1293E-18           0.7709E-16
0.1400E+05     0.1016E-13     0.9523E-14     0.7857E-14     0.4159E-14     0.1979E-14     0.9845E-15     0.5382E-15     0.3206E-15     0.2047E-15     0.1381E-15     0.9714E-16     0.7088E-16     0.2122E-16     0.9165E-17     0.4806E-17     0.2826E-17     0.1800E-17     0.1213E-17     0.8550E-18     0.6256E-18     0.3639E-18     0.2334E-18     0.1646E-18     0.1295E-18     0.1140E-18     0.1106E-18     0.1144E-18     0.1221E-18     0.1311E-18     0.1398E-18     0.1463E-18     0.1503E-18     0.1515E-18           0.8028E-16
0.1300E+05     0.9952E-14     0.9366E-14     0.7818E-14     0.4269E-14     0.2079E-14     0.1046E-14     0.5738E-15     0.3424E-15     0.2189E-15     0.1477E-15     0.1041E-15     0.7595E-16     0.2277E-16     0.9863E-17     0.5189E-17     0.3067E-17     0.1964E-17     0.1335E-17     0.9447E-18     0.6940E-18     0.4065E-18     0.2610E-18     0.1828E-18     0.1425E-18     0.1252E-18     0.1225E-18     0.1287E-18     0.1396E-18     0.1518E-18     0.1636E-18     0.1736E-18     0.1789E-18     0.1819E-18           0.8383E-16
0.1200E+05     0.9732E-14     0.9199E-14     0.7771E-14     0.4384E-14     0.2188E-14     0.1115E-14     0.6147E-15     0.3673E-15     0.2350E-15     0.1587E-15     0.1120E-15     0.8170E-16     0.2450E-16     0.1066E-16     0.5626E-17     0.3345E-17     0.2156E-17     0.1472E-17     0.1049E-17     0.7754E-18     0.4579E-18     0.2939E-18     0.2050E-18     0.1578E-18     0.1383E-18     0.1362E-18     0.1452E-18     0.1605E-18     0.1779E-18     0.1940E-18     0.2079E-18     0.2164E-18     0.2186E-18           0.8781E-16
0.1100E+05     0.9496E-14     0.9014E-14     0.7708E-14     0.4499E-14     0.2307E-14     0.1194E-14     0.6615E-15     0.3962E-15     0.2538E-15     0.1715E-15     0.1211E-15     0.8846E-16     0.2653E-16     0.1156E-16     0.6132E-17     0.3661E-17     0.2371E-17     0.1628E-17     0.1171E-17     0.8713E-18     0.5204E-18     0.3354E-18     0.2320E-18     0.1769E-18     0.1533E-18     0.1520E-18     0.1651E-18     0.1862E-18     0.2112E-18     0.2341E-18     0.2534E-18     0.2656E-18     0.2695E-18           0.9230E-16
0.1000E+05     0.9238E-14     0.8807E-14     0.7626E-14     0.4614E-14     0.2438E-14     0.1284E-14     0.7165E-15     0.4304E-15     0.2759E-15     0.1867E-15     0.1318E-15     0.9645E-16     0.2902E-16     0.1265E-16     0.6718E-17     0.4026E-17     0.2623E-17     0.1813E-17     0.1314E-17     0.9852E-18     0.5972E-18     0.3876E-18     0.2668E-18     0.1998E-18     0.1712E-18     0.1700E-18     0.1883E-18     0.2188E-18     0.2538E-18     0.2875E-18     0.3154E-18     0.3331E-18     0.3413E-18           0.9747E-16
0.9000E+04     0.8961E-14     0.8579E-14     0.7522E-14     0.4724E-14     0.2581E-14     0.1388E-14     0.7814E-15     0.4708E-15     0.3023E-15     0.2047E-15     0.1446E-15     0.1059E-15     0.3194E-16     0.1392E-16     0.7417E-17     0.4463E-17     0.2920E-17     0.2032E-17     0.1481E-17     0.1121E-17     0.6918E-18     0.4548E-18     0.3123E-18     0.2299E-18     0.1925E-18     0.1907E-18     0.2158E-18     0.2589E-18     0.3096E-18     0.3595E-18     0.4011E-18     0.4290E-18     0.4401E-18           0.1034E-15
0.8000E+04     0.8659E-14     0.8327E-14     0.7393E-14     0.4828E-14     0.2738E-14     0.1509E-14     0.8595E-15     0.5201E-15     0.3345E-15     0.2267E-15     0.1603E-15     0.1175E-15     0.3549E-16     0.1549E-16     0.8269E-17     0.4984E-17     0.3267E-17     0.2285E-17     0.1679E-17     0.1282E-17     0.8085E-18     0.5422E-18     0.3737E-18     0.2702E-18     0.2191E-18     0.2141E-18     0.2477E-18     0.3088E-18     0.3850E-18     0.4615E-18     0.5268E-18     0.5701E-18     0.5875E-18           0.1104E-15
0.7000E+04     0.8324E-14     0.8039E-14     0.7229E-14     0.4919E-14     0.2908E-14     0.1651E-14     0.9548E-15     0.5813E-15     0.3744E-15     0.2539E-15     0.1798E-15     0.1319E-15     0.4001E-16     0.1748E-16     0.9338E-17     0.5637E-17     0.3703E-17     0.2592E-17     0.1912E-17     0.1472E-17     0.9527E-18     0.6569E-18     0.4608E-18     0.3281E-18     0.2542E-18     0.2401E-18     0.2827E-18     0.3712E-18     0.4881E-18     0.6106E-18     0.7176E-18     0.7900E-18     0.8158E-18           0.1188E-15
0.6000E+04     0.7950E-14     0.7711E-14     0.7024E-14     0.4988E-14     0.3090E-14     0.1816E-14     0.1073E-14     0.6591E-15     0.4259E-15     0.2890E-15     0.2049E-15     0.1503E-15     0.4587E-16     0.2006E-16     0.1073E-16     0.6478E-17     0.4257E-17     0.2979E-17     0.2200E-17     0.1700E-17     0.1127E-17     0.8075E-18     0.5850E-18     0.4172E-18     0.3063E-18     0.2699E-18     0.3181E-18     0.4460E-18     0.6311E-18     0.8380E-18     0.1025E-17     0.1155E-17     0.1202E-17           0.1292E-15
0.5000E+04     0.7526E-14     0.7332E-14     0.6770E-14     0.5028E-14     0.3279E-14     0.2013E-14     0.1224E-14     0.7623E-15     0.4948E-15     0.3361E-15     0.2381E-15     0.1749E-15     0.5358E-16     0.2353E-16     0.1262E-16     0.7636E-17     0.5016E-17     0.3498E-17     0.2572E-17     0.1982E-17     0.1331E-17     0.9981E-18     0.7668E-18     0.5643E-18     0.3968E-18     0.3081E-18     0.3440E-18     0.5240E-18     0.8290E-18     0.1203E-17     0.1560E-17     0.1815E-17     0.1903E-17           0.1423E-15
0.4000E+04     0.7025E-14     0.6876E-14     0.6437E-14     0.5016E-14     0.3469E-14     0.2243E-14     0.1417E-14     0.9029E-15     0.5920E-15     0.4032E-15     0.2854E-15     0.2095E-15     0.6452E-16     0.2839E-16     0.1530E-16     0.9311E-17     0.6138E-17     0.4277E-17     0.3123E-17     0.2372E-17     0.1564E-17     0.1214E-17     0.1017E-17     0.8179E-18     0.5851E-18     0.3868E-18     0.3449E-18     0.5671E-18     0.1083E-17     0.1812E-17     0.2575E-17     0.3155E-17     0.3358E-17           0.1599E-15
0.3000E+04     0.6384E-14     0.6278E-14     0.5963E-14     0.4896E-14     0.3625E-14     0.2505E-14     0.1672E-14     0.1106E-14     0.7399E-15     0.5079E-15     0.3601E-15     0.2636E-15     0.8123E-16     0.3592E-16     0.1933E-16     0.1184E-16     0.7893E-17     0.5561E-17     0.4072E-17     0.3067E-17     0.1894E-17     0.1406E-17     0.1273E-17     0.1221E-17     0.1027E-17     0.6642E-18     0.3489E-18     0.4559E-18     0.1289E-17     0.2841E-17     0.4729E-17     0.6273E-17     0.6833E-17           0.1850E-15
0.2000E+04     0.5531E-14     0.5467E-14     0.5273E-14     0.4578E-14     0.3668E-14     0.2762E-14     0.1992E-14     0.1404E-14     0.9824E-15     0.6919E-15     0.4957E-15     0.3634E-15     0.1110E-15     0.4960E-16     0.2660E-16     0.1610E-16     0.1071E-16     0.7654E-17     0.5781E-17     0.4526E-17     0.2842E-17     0.1733E-17     0.1253E-17     0.1454E-17     0.1903E-17     0.1854E-17     0.1013E-17     0.1646E-18     0.8630E-18     0.4195E-17     0.9562E-17     0.1462E-16     0.1664E-16           0.2253E-15
0.1000E+04     0.4251E-14     0.4225E-14     0.4140E-14     0.3823E-14     0.3363E-14     0.2832E-14     0.2298E-14     0.1810E-14     0.1396E-14     0.1062E-14     0.8024E-15     0.6063E-15     0.1785E-15     0.7924E-16     0.4508E-16     0.2882E-16     0.1947E-16     0.1320E-16     0.8765E-17     0.5977E-17     0.4487E-17     0.5177E-17     0.3844E-17     0.9329E-18     0.6458E-18     0.4333E-17     0.7553E-17     0.5699E-17     0.1182E-17     0.2411E-17     0.1402E-16     0.2973E-16     0.3713E-16           0.3083E-15
0.8000E+03     0.3907E-14     0.3886E-14     0.3823E-14     0.3580E-14     0.3218E-14     0.2786E-14     0.2334E-14     0.1900E-14     0.1514E-14     0.1187E-14     0.9202E-15     0.7097E-15     0.2101E-15     0.8768E-16     0.4925E-16     0.3315E-16     0.2435E-16     0.1773E-16     0.1188E-16     0.7116E-17     0.3422E-17     0.6014E-17     0.7029E-17     0.3079E-17     0.5016E-19     0.3588E-17     0.9784E-17     0.1000E-16     0.3703E-17     0.1151E-17     0.1096E-16     0.2769E-16     0.3604E-16           0.3403E-15
0.6000E+03     0.3545E-14     0.3530E-14     0.3485E-14     0.3313E-14     0.3048E-14     0.2721E-14     0.2364E-14     0.2003E-14     0.1663E-14     0.1358E-14     0.1094E-14     0.8728E-15     0.2753E-15     0.1028E-15     0.5085E-16     0.3427E-16     0.2914E-16     0.2563E-16     0.2009E-16     0.1278E-16     0.2043E-17     0.4702E-17     0.1150E-16     0.9459E-17     0.2031E-17     0.1710E-17     0.9678E-17     0.1390E-16     0.7599E-17     0.4359E-18     0.5634E-17     0.2073E-16     0.2903E-16           0.3899E-15
0.4000E+03     0.3206E-14     0.3197E-14     0.3169E-14     0.3063E-14     0.2894E-14     0.2677E-14     0.2428E-14     0.2162E-14     0.1894E-14     0.1636E-14     0.1395E-14     0.1178E-14     0.4591E-15     0.1690E-15     0.6135E-16     0.2714E-16     0.2469E-16     0.3199E-16     0.3601E-16     0.3193E-16     0.9693E-17     0.3340E-18     0.1131E-16     0.1867E-16     0.1062E-16     0.1270E-17     0.3413E-17     0.9441E-17     0.7161E-17     0.1098E-17     0.5300E-17     0.1992E-16     0.2826E-16           0.4898E-15
0.3500E+03     0.3139E-14     0.3131E-14     0.3109E-14     0.3017E-14     0.2872E-14     0.2683E-14     0.2463E-14     0.2225E-14     0.1980E-14     0.1739E-14     0.1509E-14     0.1297E-14     0.5508E-15     0.2132E-15     0.7520E-16     0.2662E-16     0.2052E-16     0.3051E-16     0.3947E-16     0.3920E-16     0.1636E-16     0.3474E-18     0.8679E-17     0.1867E-16     0.1284E-16     0.2120E-17     0.1384E-17     0.6206E-17     0.5064E-17     0.1228E-17     0.7593E-17     0.2378E-16     0.3276E-16           0.5338E-15
0.3000E+03     0.3088E-14     0.3082E-14     0.3063E-14     0.2985E-14     0.2863E-14     0.2702E-14     0.2511E-14     0.2302E-14     0.2082E-14     0.1861E-14     0.1646E-14     0.1443E-14     0.6746E-15     0.2815E-15     0.1025E-15     0.3109E-16     0.1606E-16     0.2645E-16     0.4053E-16     0.4588E-16     0.2589E-16     0.2483E-17     0.4811E-17     0.1572E-16     0.1335E-16     0.3246E-17     0.2517E-18     0.3194E-17     0.2554E-17     0.1112E-17     0.1027E-16     0.2844E-16     0.3826E-16           0.5923E-15
0.2500E+03     0.3052E-14     0.3048E-14     0.3032E-14     0.2969E-14     0.2868E-14     0.2733E-14     0.2572E-14     0.2392E-14     0.2200E-14     0.2003E-14     0.1806E-14     0.1615E-14     0.8380E-15     0.3844E-15     0.1525E-15     0.4720E-16     0.1466E-16     0.2001E-16     0.3722E-16     0.4900E-16     0.3716E-16     0.8175E-17     0.1001E-17     0.9214E-17     0.1051E-16     0.3932E-17     0.9342E-18     0.2200E-17     0.1067E-17     0.7596E-18     0.1133E-16     0.3027E-16     0.4010E-16           0.6712E-15
0.2000E+03     0.3000E-14     0.2997E-14     0.2984E-14     0.2935E-14     0.2856E-14     0.2748E-14     0.2619E-14     0.2471E-14     0.2310E-14     0.2140E-14     0.1967E-14     0.1795E-14     0.1035E-14     0.5277E-15     0.2362E-15     0.8609E-16     0.2469E-16     0.1515E-16     0.2868E-16     0.4438E-16     0.4556E-16     0.1810E-16     0.1223E-17     0.1854E-17     0.4181E-17     0.2872E-17     0.3236E-17     0.4778E-17     0.2693E-17     0.6621E-18     0.7881E-17     0.2270E-16     0.3060E-16           0.7762E-15
0.1500E+03     0.2817E-14     0.2814E-14     0.2805E-14     0.2769E-14     0.2711E-14     0.2633E-14     0.2537E-14     0.2425E-14     0.2299E-14     0.2167E-14     0.2027E-14     0.1883E-14     0.1203E-14     0.6859E-15     0.3530E-15     0.1610E-15     0.6408E-16     0.2721E-16     0.2332E-16     0.3205E-16     0.4216E-16     0.2874E-16     0.1245E-16     0.4773E-17     0.1427E-17     0.2314E-18     0.3126E-17     0.7153E-17     0.6475E-17     0.2088E-17     0.1003E-17     0.5110E-17     0.8048E-17           0.9041E-15
0.1000E+03     0.2171E-14     0.2168E-14     0.2164E-14     0.2144E-14     0.2110E-14     0.2065E-14     0.2009E-14     0.1943E-14     0.1868E-14     0.1786E-14     0.1698E-14     0.1608E-14     0.1139E-14     0.7374E-15     0.4490E-15     0.2633E-15     0.1520E-15     0.8844E-16     0.5444E-16     0.3759E-16     0.2751E-16     0.2824E-16     0.3061E-16     0.2878E-16     0.1986E-16     0.8246E-17     0.1129E-17     0.6449E-18     0.3041E-17     0.4630E-17     0.5210E-17     0.5828E-17     0.6168E-17           0.1016E-14
0.5000E+02     0.9280E-15     0.9275E-15     0.9260E-15     0.9202E-15     0.9107E-15     0.8974E-15     0.8807E-15     0.8609E-15     0.8382E-15     0.8128E-15     0.7854E-15     0.7560E-15     0.5944E-15     0.4378E-15     0.3131E-15     0.2279E-15     0.1754E-15     0.1438E-15     0.1217E-15     0.1020E-15     0.6035E-16     0.2441E-16     0.1184E-16     0.2542E-16     0.4927E-16     0.6089E-16     0.4981E-16     0.2501E-16     0.8115E-17     0.1619E-16     0.4821E-16     0.8401E-16     0.9916E-16           0.9935E-15
0.4500E+02     0.7571E-15     0.7566E-15     0.7554E-15     0.7508E-15     0.7432E-15     0.7326E-15     0.7192E-15     0.7032E-15     0.6851E-15     0.6648E-15     0.6426E-15     0.6190E-15     0.4885E-15     0.3619E-15     0.2620E-15     0.1958E-15     0.1578E-15     0.1370E-15     0.1228E-15     0.1078E-15     0.6770E-16     0.2651E-16     0.8880E-17     0.2173E-16     0.4842E-16     0.6290E-16     0.5230E-16     0.2665E-16     0.1089E-16     0.2456E-16     0.6579E-16     0.1103E-15     0.1288E-15           0.9443E-15
0.4000E+02     0.5716E-15     0.5713E-15     0.5704E-15     0.5670E-15     0.5611E-15     0.5532E-15     0.5432E-15     0.5313E-15     0.5177E-15     0.5025E-15     0.4858E-15     0.4682E-15     0.3704E-15     0.2763E-15     0.2037E-15     0.1584E-15     0.1357E-15     0.1261E-15     0.1196E-15     0.1095E-15     0.7196E-16     0.2793E-16     0.6585E-17     0.1810E-16     0.4511E-16     0.6038E-16     0.4978E-16     0.2522E-16     0.1387E-16     0.3646E-16     0.8844E-16     0.1425E-15     0.1658E-15           0.8667E-15
0.3500E+02     0.3843E-15     0.3841E-15     0.3835E-15     0.3811E-15     0.3774E-15     0.3721E-15     0.3653E-15     0.3574E-15     0.3483E-15     0.3382E-15     0.3270E-15     0.3152E-15     0.2505E-15     0.1892E-15     0.1443E-15     0.1195E-15     0.1109E-15     0.1105E-15     0.1101E-15     0.1039E-15     0.7006E-16     0.2696E-16     0.4984E-17     0.1485E-16     0.3937E-16     0.5218E-16     0.4146E-16     0.2040E-16     0.1713E-16     0.5076E-16     0.1148E-15     0.1772E-15     0.2025E-15           0.7577E-15
0.3000E+02     0.2200E-15     0.2198E-15     0.2195E-15     0.2182E-15     0.2161E-15     0.2131E-15     0.2094E-15     0.2049E-15     0.1998E-15     0.1942E-15     0.1879E-15     0.1815E-15     0.1460E-15     0.1141E-15     0.9296E-16     0.8452E-16     0.8564E-16     0.9035E-16     0.9259E-16     0.8834E-16     0.5941E-16     0.2234E-16     0.3919E-17     0.1243E-16     0.3176E-16     0.3962E-16     0.2854E-16     0.1343E-16     0.2073E-16     0.6596E-16     0.1394E-15     0.2071E-15     0.2343E-15           0.6233E-15
0.2500E+02     0.1038E-15     0.1038E-15     0.1036E-15     0.1031E-15     0.1021E-15     0.1009E-15     0.9931E-16     0.9743E-16     0.9530E-16     0.9295E-16     0.9041E-16     0.8771E-16     0.7365E-16     0.6217E-16     0.5649E-16     0.5695E-16     0.6132E-16     0.6594E-16     0.6733E-16     0.6333E-16     0.4059E-16     0.1425E-16     0.3457E-17     0.1140E-16     0.2434E-16     0.2602E-16     0.1493E-16     0.7085E-17     0.2501E-16     0.7914E-16     0.1563E-15     0.2255E-15     0.2538E-15           0.4830E-15
0.2000E+02     0.4417E-16     0.4415E-16     0.4412E-16     0.4398E-16     0.4374E-16     0.4339E-16     0.4299E-16     0.4250E-16     0.4195E-16     0.4135E-16     0.4071E-16     0.4004E-16     0.3679E-16     0.3476E-16     0.3471E-16     0.3634E-16     0.3846E-16     0.3947E-16     0.3807E-16     0.3370E-16     0.1873E-16     0.5862E-17     0.4641E-17     0.1276E-16     0.1939E-16     0.1572E-16     0.5310E-17     0.4310E-17     0.3006E-16     0.8800E-16     0.1637E-15     0.2276E-15     0.2523E-15           0.3653E-15
0.1500E+02     0.2544E-16     0.2544E-16     0.2544E-16     0.2541E-16     0.2535E-16     0.2528E-16     0.2520E-16     0.2510E-16     0.2496E-16     0.2483E-16     0.2468E-16     0.2453E-16     0.2362E-16     0.2262E-16     0.2153E-16     0.2018E-16     0.1831E-16     0.1579E-16     0.1263E-16     0.9141E-17     0.3512E-17     0.3834E-17     0.1087E-16     0.1861E-16     0.1937E-16     0.1127E-16     0.1959E-17     0.6130E-17     0.3634E-16     0.9299E-16     0.1619E-15     0.2194E-15     0.2419E-15           0.3063E-15
0.1000E+02     0.2641E-16     0.2639E-16     0.2638E-16     0.2633E-16     0.2624E-16     0.2613E-16     0.2598E-16     0.2578E-16     0.2557E-16     0.2532E-16     0.2504E-16     0.2471E-16     0.2267E-16     0.1998E-16     0.1684E-16     0.1353E-16     0.1048E-16     0.8088E-17     0.6786E-17     0.6906E-17     0.1194E-16     0.2204E-16     0.3224E-16     0.3559E-16     0.2818E-16     0.1368E-16     0.3042E-17     0.9439E-17     0.4138E-16     0.9645E-16     0.1596E-15     0.2094E-15     0.2282E-15           0.3810E-15
0.5000E+01     0.1097E-15     0.1097E-15     0.1097E-15     0.1094E-15     0.1091E-15     0.1086E-15     0.1080E-15     0.1072E-15     0.1063E-15     0.1053E-15     0.1042E-15     0.1029E-15     0.9533E-16     0.8630E-16     0.7718E-16     0.6940E-16     0.6426E-16     0.6276E-16     0.6542E-16     0.7219E-16     0.9491E-16     0.1197E-15     0.1319E-15     0.1207E-15     0.8665E-16     0.4292E-16     0.1154E-16     0.1364E-16     0.5914E-16     0.1404E-15     0.2337E-15     0.3073E-15     0.3352E-15           0.1117E-14